0.000000000000000	0.000000000000000	0.000000000000000	1416.163359414281786	0.000000000000000	-59.745135459075634	0.000000000000000
0.000191873751766	0.994593425357634	0.135555716436263	1311.129729909488333	0.000155043964737	0.000000000000000	0.034533961919623
0.000399008051153	2.062908049406146	0.532185670801022	1185.918204915041088	0.001877849245353	0.000000000000000	0.071807120539241
0.000621399736570	3.188187766581637	1.175927670586904	1058.470413583201434	0.007800142489358	0.000000000000000	0.111817200195654
0.000859045413548	4.340247733689643	1.995305796587129	934.473044671995694	0.020372171246231	0.000000000000000	0.154561758126567
0.001111941454787	5.480861146731257	2.876684950251702	843.512685033295156	0.041260597877332	0.000000000000000	0.200038184619760
0.001380084000215	6.572838121337941	3.707535894575499	793.544894892584807	0.071279261054735	0.000000000000000	0.248243703172421
0.001663468957044	7.587488211066349	4.412025784402563	770.553988130786138	0.110516106062311	0.000000000000000	0.299175370660576
0.001962091999835	8.507853997749361	4.959375413125058	756.495867842793359	0.158460071530497	0.000000000000000	0.352830077518935
0.002275948570562	9.328068156744166	5.352856872281156	740.011420046232615	0.214102258683177	0.000000000000000	0.409204547930616
0.002605033878683	10.050583304832076	5.613882612820998	717.143851572922586	0.276046847234982	0.000000000000000	0.468295340027171
0.002949342901212	10.682954005491736	5.769679353946362	688.179831247131119	0.342650960586620	0.000000000000000	0.530098846098749
0.003308870382796	11.235152443530072	5.846371187191131	654.870261529996696	0.412179850197541	0.000000000000000	0.594611292814354
0.003683610835796	11.717730289626092	5.866128808609358	619.039643216751529	0.482949815645087	0.000000000000000	0.661828741452225
0.004073558540370	12.140749668464961	5.846571933118781	582.153143816201464	0.553437393023663	0.000000000000000	0.731747088140287
0.004478707544561	12.513269970868546	5.801156101208581	545.296656864045531	0.622346982926059	0.000000000000000	0.804362064106712
0.004899051664386	12.843181011219635	5.739871693000287	509.258212732506820	0.688640076556089	0.000000000000000	0.879669235940587
0.005334584483933	13.137224948011768	5.669956590474452	474.606386355523114	0.751534826923628	0.000000000000000	0.957664005862517
0.005785299355457	13.401104793814165	5.596519893301949	441.740878692626040	0.810486250504020	0.000000000000000	1.038341612005401
0.006251189399482	13.639620548570264	5.523058742294475	410.912144277492871	0.865155962056774	0.000000000000000	1.121697128705101
0.006732247504907	13.856802663839945	5.451868661108185	382.255735886510877	0.915377693843667	0.000000000000000	1.207725466801256
0.007228466329113	14.056030615835398	5.384363005971736	355.810001128421050	0.961122976663228	0.000000000000000	1.296421373947900
0.007739838298075	14.240133911256965	5.321322964132186	331.528416330856771	1.002470252525840	0.000000000000000	1.387779434934191
0.008266355606479	14.411476910465071	5.263088399489670	309.313113141386623	1.039578571184121	0.000000000000000	1.481794072015038
0.008808010217841	14.572030467601957	5.209699934856343	289.035941419365429	1.072665024073679	0.000000000000000	1.578459545251607
0.009364793864629	14.723370102602400	5.161034428769690	270.563263310464549	1.101962740925535	0.000000000000000	1.677769952861804
0.009936698048389	14.866886748582159	5.116805792118036	253.731643806423904	1.127761172297394	0.000000000000000	1.779719231580510
0.010523714039874	15.003760753986143	5.076644621982157	238.380785363332791	1.150373703371096	0.000000000000000	1.884301157029958
0.011125832879181	15.134914760693968	5.040184986879813	224.361024584349849	1.170093579856825	0.000000000000000	1.991509344099510
0.011743045375882	15.261109387061142	5.007057060494477	211.536803766889165	1.187207647773001	0.000000000000000	2.101337247335679
0.012375342109169	15.382971505157700	4.976901908366354	199.788622207904922	1.201991113012927	0.000000000000000	2.213778161341657
0.013022713427996	15.501018336194042	4.949380381511555	189.007295646605797	1.214704173416305	0.000000000000000	2.328825221186726
0.013685149451226	15.615677251913054	4.924179460934528	179.084468953223080	1.225589416072729	0.000000000000000	2.446471402825486
0.014362640067783	15.727301115893923	4.901016349902881	169.930142589940488	1.234869963557090	0.000000000000000	2.566709523526455
0.015055174936805	15.836182154696605	4.879639021351897	161.471848440194435	1.242748178908600	0.000000000000000	2.689532242310873
0.015762743487802	15.942564067517534	4.859824486446015	153.640322138818277	1.249405777850228	0.000000000000000	2.814932060400687
0.016485334920818	16.046651013611587	4.841375116706610	146.374379365347693	1.255005069036075	0.000000000000000	2.942901321676591
0.017222938206596	16.148614534251728	4.824116796748956	139.619024690688804	1.259689870063876	0.000000000000000	3.073432213145225
0.017975542086747	16.248599372197614	4.807895157914058	133.325427756939831	1.263586531131312	0.000000000000000	3.206516765416305
0.018743135073918	16.346728801779250	4.792571274005986	127.452642350665897	1.266805722869766	0.000000000000000	3.342146853189260
0.019525705451972	16.443108874298368	4.778022030838465	121.961286656116954	1.269443863228925	0.000000000000000	3.480314195749130
0.020323241276164	16.537831848413571	4.764139208776847	116.821883546756112	1.271584357475221	0.000000000000000	3.621010357472338
0.021135730373326	16.630978441191782	4.750830886991851	112.004510190928997	1.273298816620871	0.000000000000000	3.764226748341495
0.021963160342050	16.722618757665547	4.738017378812210	107.484680248090385	1.274649070429147	0.000000000000000	3.909954624470072
0.022805518552878	16.812814327695982	4.725627215368617	103.235072228220844	1.275688919816400	0.000000000000000	4.058185088636060
0.023662792148494	16.901620468799191	4.713596879014598	99.233476526551442	1.276464781044328	0.000000000000000	4.208909090825321
0.024534968043925	16.989087190037409	4.701870523470703	95.462326082009497	1.277016080965709	0.000000000000000	4.362117428784035
0.025422032926734	17.075259501813086	4.690397081438382	91.903387350549622	1.277376427715822	0.000000000000000	4.517800748580557
0.026323973257227	17.160177773254581	4.679134210756083	88.539301720884069	1.277574490213045	0.000000000000000	4.675949545176537
0.027240775268659	17.243878227550031	4.668045541776649	85.363040987437728	1.277633984105099	0.000000000000000	4.836554163007195
0.028172424967444	17.326391694374941	4.657091526505759	82.359160450565426	1.277574829296215	0.000000000000000	4.999604796570832
0.029118908133370	17.407729373592257	4.646235275303622	79.514213395007246	1.277414639273163	0.000000000000000	5.165091491027516
0.030080210319814	17.487944796190696	4.635442244785708	76.818113499800774	1.277170507181097	0.000000000000000	5.333004142806899
0.031056316853961	17.567065742034480	4.624690273895245	74.258859187150136	1.276855163620590	0.000000000000000	5.503332500224961
0.032047212837033	17.645118733827381	4.613962221878802	71.826753484247334	1.276478465866733	0.000000000000000	5.676066164109998
0.033052883144513	17.722128858371267	4.603238296607899	69.515379420620206	1.276048352825365	0.000000000000000	5.851194588437552
0.034073312426376	17.798119737646129	4.592501870845037	67.316759798829537	1.275571699021819	0.000000000000000	6.028707080974232
0.035108485107324	17.873113877070313	4.581740484778302	65.221054100566121	1.275054097520690	0.000000000000000	6.208592803930456
0.036158385387022	17.947132942615688	4.570941317446421	63.223093149430312	1.274499590917572	0.000000000000000	6.390840774622339
0.037222997240344	18.020198227739801	4.560092616780214	61.319062543977481	1.273910856852499	0.000000000000000	6.575439866141991
0.038302304417611	18.092329783097231	4.549184624345667	59.502775462241715	1.273290493158227	0.000000000000000	6.762378808037012
0.039396290444843	18.163546772797002	4.538211290412066	57.767562662230425	1.272641433979137	0.000000000000000	6.951646186998527
0.040504938624012	18.233868303718953	4.527168978935307	56.109150495205725	1.271966515470938	0.000000000000000	7.143230447558022
0.041628232033291	18.303312795698979	4.516055993568972	54.524740201358462	1.271268247756780	0.000000000000000	7.337119892792884
0.042766153527319	18.371898055202024	4.504867710941137	53.009046385378426	1.270548950741707	0.000000000000000	7.533302685040467
0.043918685737458	18.439641581288743	4.493597280466478	51.557026005612997	1.269809494829717	0.000000000000000	7.731766846620926
0.045085811072059	18.506560425717780	4.482240507895650	50.164928596188787	1.269049519732171	0.000000000000000	7.932500260568372
0.046267511716733	18.572671552546321	4.470793669945076	48.828589761601435	1.268269171312847	0.000000000000000	8.135490671370764
0.047463769634621	18.637992383532342	4.459249349601998	47.546212970390549	1.267470035151113	0.000000000000000	8.340725685718143
0.048674566566666	18.702540032923597	4.447601292740248	46.316196437211140	1.266653686420504	0.000000000000000	8.548192773259208
0.049899884031901	18.766330381783526	4.435848869355985	45.134417441729283	1.265821276608031	0.000000000000000	8.757879267366404
0.051139703327720	18.829378215085853	4.423997288273609	43.997433094994754	1.264973295414099	0.000000000000000	8.969772365909275
0.052394005530170	18.891698166952409	4.412054637343785	42.902614423724863	1.264109785977968	0.000000000000000	9.183859132036051
0.053662771494241	18.953303687941162	4.400028785668617	41.851530790283142	1.263231083830490	0.000000000000000	9.400126494963523
0.054945981854153	19.014207460983549	4.387924393128747	40.840220632267645	1.262337477325792	0.000000000000000	9.618561250775000
0.056243617023655	19.074421206423658	4.375739758957040	39.864939586800389	1.261428723741315	0.000000000000000	9.839150063226501
0.057555657196322	19.133946014168334	4.363474828572810	38.924422591484365	1.260504327769129	0.000000000000000	10.061879464560995
0.058882082345863	19.192803839332544	4.351130521426926	38.017395971405890	1.259564154637994	0.000000000000000	10.286735856330655
0.060222872226417	19.251011573379092	4.338713281787677	37.143796800374943	1.258607424733746	0.000000000000000	10.513705510227039
0.061578006372869	19.308582121950330	4.326229916865246	36.300098046511067	1.257633548440342	0.000000000000000	10.742774568919325
0.062947464101163	19.365528484277611	4.313679814548226	35.485789666599509	1.256642981728502	0.000000000000000	10.973929046900279
0.064331224508612	19.421862426733131	4.301065459919777	34.697689057603306	1.255635775945953	0.000000000000000	11.207154831340238
0.065729266474223	19.477594677638166	4.288385872721853	33.935387135826531	1.254611885195036	0.000000000000000	11.442437682948565
0.067141568659014	19.532735388322859	4.275639609547984	33.198650744249946	1.253570934533432	0.000000000000000	11.679763236843197
0.068568109506346	19.587294792518968	4.262827936360114	32.486426280562085	1.252511910776953	0.000000000000000	11.919117003427587
0.070008867242245	19.641283598064675	4.249955682437172	31.797327895625248	1.251434230413429	0.000000000000000	12.160484369275309
0.071463819875740	19.694710905734929	4.237027254760984	31.130449130131939	1.250337817806840	0.000000000000000	12.403850598022379
0.072932945199197	19.747584321798367	4.224046430289793	30.484094441380961	1.249222655093963	0.000000000000000	12.649200831266828
0.074416220788655	19.799912125266719	4.211013459527560	29.857165810920652	1.248089144236870	0.000000000000000	12.896520089475965
0.075913624004173	19.851703682409308	4.197926663339061	29.248255764202529	1.246938470457888	0.000000000000000	13.145793272900898
0.077425131990172	19.902969326137406	4.184787786170863	28.656463824686661	1.245772060926451	0.000000000000000	13.397005162498393
0.078950721675787	19.953719294818892	4.171600365386497	28.080751568755421	1.244592172973597	0.000000000000000	13.650140420860101
0.080490369775214	20.003963750008211	4.158369664492120	27.521434411819282	1.243401383186092	0.000000000000000	13.905183593148934
0.082044052788072	20.053712521470612	4.145103505107990	26.980265880122154	1.242201030735871	0.000000000000000	14.162119108042708
0.083611746999757	20.102974040350560	4.131811851012563	26.455577664458612	1.240990248821771	0.000000000000000	14.420931278684698
0.085193428481806	20.151756244603973	4.118498244178798	25.946767242029459	1.239767696514458	0.000000000000000	14.681604303641503
0.086789073092261	20.200067141850390	4.105166363314368	25.454342265507286	1.238531385770114	0.000000000000000	14.944122267867723
0.088398656476038	20.247915019492279	4.091820051175431	24.974857353592267	1.237277861775370	0.000000000000000	15.208469143677624
0.090022154065299	20.295310123481091	4.078457465442161	24.507060094852690	1.236004874620191	0.000000000000000	15.474628791723724
0.091659541079827	20.342263206908434	4.065078439290047	24.051527750778309	1.234711140216105	0.000000000000000	15.742584961982127
0.093310792527406	20.388781946192150	4.051680931731446	23.609937099462972	1.233395359519164	0.000000000000000	16.012321294744680
0.094975883204196	20.434867671529116	4.038261516333816	23.180164473254909	1.232058148061020	0.000000000000000	16.283821321617729
0.096654787695127	20.480528254804316	4.024820194951489	22.761015800382143	1.230699905776433	0.000000000000000	16.557068466527689
0.098347480374279	20.525774031481816	4.011355179889414	22.352509508538908	1.229320077424887	0.000000000000000	16.832046046732916
0.100053935405277	20.570611777632884	3.997860942900236	21.954946223532247	1.227919175920442	0.000000000000000	17.108737273842390
0.101774126741687	20.615047430292908	3.984335775442562	21.567851378300109	1.226499572891526	0.000000000000000	17.387125254840647
0.103508028127407	20.659086940126123	3.970784882451793	21.189804291500550	1.225062031209909	0.000000000000000	17.667192993119166
0.105255613097077	20.702737700771227	3.957208340743549	20.821238918786882	1.223605641111625	0.000000000000000	17.948923389514100
0.107016854976473	20.746008064182050	3.943606295297663	20.461929677331408	1.222130703047249	0.000000000000000	18.232299243350141
0.108791726882922	20.788905028220000	3.929982984594777	20.111458845147791	1.220639713373957	0.000000000000000	18.517303253490859
0.110580201725709	20.831434065541949	3.916346760608932	19.769758715588367	1.219134411361640	0.000000000000000	18.803918019394814
0.112382252206491	20.873599641488148	3.902701032550010	19.436479880203311	1.217614768320501	0.000000000000000	19.092126042178116
0.114197850819713	20.915405713557551	3.889045591529415	19.111462828704074	1.216080793864473	0.000000000000000	19.381909725682561
0.116026969853028	20.956857967395184	3.875377749798327	18.794050173285381	1.214532849045225	0.000000000000000	19.673251377550205
0.117869581387721	20.997964330152282	3.861695719560183	18.483774942903210	1.212970462937754	0.000000000000000	19.966133210303315
0.119725657299136	21.038731241035372	3.848005901053587	18.179914139094517	1.211392222134289	0.000000000000000	20.260537342430510
0.121595169257100	21.079164578711389	3.834310602012856	17.883776170130982	1.209796573347516	0.000000000000000	20.556445799478400
0.123478088726364	21.119269413842265	3.820608210810629	17.595148111382457	1.208182323389701	0.000000000000000	20.853840515149098
0.125374386967030	21.159048739280433	3.806901208925628	17.313277331051321	1.206549190606884	0.000000000000000	21.152703332403121
0.127284035034995	21.198507574676775	3.793197355249125	17.037640204928966	1.204897697009111	0.000000000000000	21.453016004568010
0.129207003782391	21.237653124225119	3.779496688790708	16.770026962029899	1.203228706726319	0.000000000000000	21.754760196452331
0.131143263858030	21.276491954132808	3.765798838678194	16.507581432766557	1.201542362980425	0.000000000000000	22.057917485465133
0.133092785707853	21.315030443043462	3.752098911960773	16.249891617070734	1.199838956117786	0.000000000000000	22.362469362740640
0.135055539575379	21.353275273161458	3.738393487123726	15.997570201927431	1.198118297147892	0.000000000000000	22.668397234268436
0.137031495502160	21.391233653969696	3.724679099935448	15.751672978368784	1.196378719729392	0.000000000000000	22.975682422028530
0.139020623328241	21.428907421231152	3.710955359120608	15.509763768674141	1.194618086657345	0.000000000000000	23.284306165131831
0.141022892692616	21.466294422976041	3.697222442497420	15.273354506786326	1.192837297643031	0.000000000000000	23.594249620965471
0.143038273033694	21.503396194499253	3.683483350848345	15.042595173830296	1.191037478010041	0.000000000000000	23.905493866343324
0.145066733589765	21.540219653025130	3.669741762396962	14.815514717789116	1.189219520036302	0.000000000000000	24.218019898661314
0.147108243399469	21.576769633274640	3.656000150299411	14.592696152422644	1.187385563875739	0.000000000000000	24.531808637057491
0.149162771302271	21.613050865145652	3.642264566892597	14.374619791201756	1.185536842134026	0.000000000000000	24.846840923577098
0.151230285938931	21.649067168444876	3.628540349700200	14.161932333949014	1.183673093837823	0.000000000000000	25.163097524342216
0.153310755751990	21.684823742126397	3.614832532272625	13.954115723124113	1.181793533722836	0.000000000000000	25.480559130725986
0.155404148986245	21.720326308654720	3.601143169705101	13.750432012123305	1.179896857572959	0.000000000000000	25.799206360531638
0.157510433689239	21.755582550216271	3.587465832265790	13.550974457968612	1.177982073641351	0.000000000000000	26.119019759175593
0.159629577711746	21.790596804128107	3.573796554090586	13.356329657779861	1.176047367434218	0.000000000000000	26.439979800875520
0.161761548708260	21.825369143888608	3.560136080033045	13.165640321399605	1.174090983918058	0.000000000000000	26.762066889842249
0.163906314137493	21.859901650125547	3.546485698476937	12.978392209211108	1.172112838745259	0.000000000000000	27.085261361476224
0.166063841262868	21.894199940383963	3.532841812882127	12.794210303684057	1.170113134982686	0.000000000000000	27.409543483568161
0.168234097153022	21.928270608063368	3.519196845626942	12.613292653337503	1.168092603068118	0.000000000000000	27.734893457503667
0.170417048682305	21.962118293622339	3.505555657949497	12.436522615865529	1.166053735736816	0.000000000000000	28.061291419472109
0.172612662531289	21.995746261786842	3.491930926770437	12.263186998513783	1.163998905915586	0.000000000000000	28.388717441679351
0.174820905187273	22.029158999404736	3.478329452559306	12.094325046167130	1.161929336405736	0.000000000000000	28.717151533564348
0.177041742944798	22.062361344428371	3.464746652001730	11.928855349715889	1.159844566357478	0.000000000000000	29.046573643019769
0.179275141906160	22.095355838988176	3.451172864451964	11.766258632837834	1.157742111388099	0.000000000000000	29.376963657616091
0.181521067981926	22.128143693239792	3.437603250335230	11.606787779617770	1.155617621966783	0.000000000000000	29.708301405829722
0.183779486891457	22.160727895329210	3.424035720151335	11.450633066592800	1.153466609934398	0.000000000000000	30.040566658274390
0.186050364163430	22.193111705423654	3.410467291227471	11.297236476190047	1.151287747627382	0.000000000000000	30.373739128936325
0.188333665136363	22.225298041000798	3.396897624567609	11.146084220893277	1.149082844795859	0.000000000000000	30.707798476412737
0.190629354959146	22.257290187178238	3.383331087401490	10.997740452761962	1.146854682056833	0.000000000000000	31.042724305153726
0.192937398591573	22.289089917057169	3.369772405993940	10.851585848651201	1.144605574209495	0.000000000000000	31.378496166707556
0.195257760804872	22.320697695924711	3.356227585025205	10.708305731543785	1.142336461971173	0.000000000000000	31.715093560969059
0.197590406182252	22.352115591764672	3.342699157821905	10.567060662743492	1.140049004971321	0.000000000000000	32.052495937431331
0.199935299119435	22.383351133119458	3.329188271634764	10.428332203856270	1.137744384971897	0.000000000000000	32.390682696440265
0.202292403825202	22.414406840729679	3.315700143325095	10.292277342382786	1.135421836813024	0.000000000000000	32.729633190452333
0.204661684321943	22.445286145228437	3.302238120507443	10.159304978503298	1.133079538988299	0.000000000000000	33.069326725295205
0.207043104446200	22.475993885267762	3.288799115207577	10.028573110416691	1.130715065645397	0.000000000000000	33.409742561431223
0.209436627849224	22.506533396804713	3.275371276447439	9.900032540180016	1.128326476309875	0.000000000000000	33.750859915223479
0.211842217997528	22.536906802298542	3.261940541999111	9.773754824876379	1.125913867272309	0.000000000000000	34.092657960204882
0.214259838173442	22.567114862780432	3.248499811612224	9.649655693555044	1.123479944338822	0.000000000000000	34.435115828349694
0.216689451475679	22.597159032345854	3.235046149481273	9.527905715714560	1.121028324608716	0.000000000000000	34.778212611347485
0.219131020819894	22.627041551784565	3.221582160863437	9.407451327750346	1.118560208542306	0.000000000000000	35.121927361879770
0.221584508939252	22.656764170375212	3.208111799849871	9.289183890204047	1.116076313480169	0.000000000000000	35.466239094898839
0.224049878384993	22.686330400550020	3.194647719147834	9.173388704998271	1.113576777834692	0.000000000000000	35.811126788909043
0.226527091527011	22.715743438097405	3.181202088953321	9.059567579757669	1.111060544886861	0.000000000000000	36.156569387250137
0.229016110554421	22.745005439409269	3.167779999943275	8.946467840267294	1.108526494361251	0.000000000000000	36.502545799383043
0.231516897476140	22.774118057626595	3.154381943994086	8.835625542792563	1.105973562841559	0.000000000000000	36.849034902177273
0.234029414121467	22.803081469054547	3.141007256123729	8.726967625909115	1.103400968246096	0.000000000000000	37.196015541200758
0.236553622140664	22.831896408145553	3.127648660919696	8.619841721406686	1.100806349966871	0.000000000000000	37.543466532011337
0.239089483005540	22.860565408312681	3.114301493983164	8.514573674970418	1.098188485939326	0.000000000000000	37.891366661450114
0.241636958010044	22.889091833891712	3.100973751665670	8.411352042544703	1.095546499584183	0.000000000000000	38.239694688936630
0.244196008270852	22.917481114668284	3.087670340002434	8.310009421091307	1.092879350561545	0.000000000000000	38.588429347765718
0.246766594727960	22.945736407325356	3.074385497552588	8.210181814887287	1.090184480543220	0.000000000000000	38.937549346405845
0.249348678145284	22.973856395805587	3.061117108145091	8.111422352284986	1.087458890140851	0.000000000000000	39.287033369799090
0.251942219111254	23.001843118814115	3.047857580283685	8.014384709838952	1.084702247023482	0.000000000000000	39.636860080662409
0.254547178039419	23.029697257942022	3.034602528667099	7.918344863162095	1.081916088798571	0.000000000000000	39.987008120790563
0.257163515169050	23.057416938572036	3.021351605118226	7.824100283873404	1.079102729866469	0.000000000000000	40.337456112359845
0.259791190565749	23.084995912920089	3.008112260174411	7.731409660880295	1.076264112218437	0.000000000000000	40.688182659233533
0.262430164122052	23.112437364380153	2.994886625161596	7.639124066847745	1.073403144163001	0.000000000000000	41.039166348267962
0.265080395558051	23.139744693005294	2.981667728743079	7.548364954122457	1.070524368948271	0.000000000000000	41.390385750620069
0.267741844422001	23.166921803818639	2.968458622517139	7.459772945016588	1.067631754656102	0.000000000000000	41.741819423055645
0.270414470090940	23.193972594137879	2.955259578350865	7.373783502202845	1.064726302947330	0.000000000000000	42.093445909258435
0.273098231771309	23.220902189651849	2.942069962260498	7.288707109708111	1.061805529021927	0.000000000000000	42.445243741140231
0.275793088499576	23.247713033513016	2.928900351705790	7.204563192632476	1.058863553014139	0.000000000000000	42.797191440151543
0.278498999142859	23.274403795009498	2.915760687254211	7.121089295679580	1.055894975804022	0.000000000000000	43.149267518592978
0.281215922399555	23.300971484429677	2.902644888182961	7.038098215850709	1.052897654456213	0.000000000000000	43.501450480927026
0.283943816799971	23.327414974155602	2.889536118009028	6.956680380802942	1.049872766522514	0.000000000000000	43.853718825090603
0.286682640706955	23.353741844660711	2.876418356494378	6.876407595275921	1.046822589240482	0.000000000000000	44.206051043807676
0.289432352316532	23.379962523676376	2.863282474533345	6.797249412354721	1.043748014437847	0.000000000000000	44.558425625902501
0.292192909658546	23.406081357532557	2.850125365676287	6.719519739123377	1.040651606596112	0.000000000000000	44.910821057612864
0.294964270597295	23.432099544671907	2.836951915910167	6.642714048241442	1.037536972302651	0.000000000000000	45.263215823903614
0.297746392832177	23.458018752385737	2.823769021281681	6.567320239284460	1.034402073978080	0.000000000000000	45.615588409780230
0.300539233898334	23.483839133119705	2.810580802950426	6.492825382852493	1.031243174056772	0.000000000000000	45.967917301602355
0.303342751167304	23.509561088762361	2.797385784067714	6.419700795689140	1.028058237413446	0.000000000000000	46.320180988397375
0.306156901847668	23.535182191044044	2.784185039139264	6.346587363964688	1.024845292463473	0.000000000000000	46.672357963173617
0.308981642985703	23.560702378405846	2.770984421735100	6.274615139754287	1.021604477069303	0.000000000000000	47.024426724233521
0.311816931466040	23.586125072227805	2.757785076517589	6.203999729304811	1.018338310764871	0.000000000000000	47.376365776486416
0.314662724012320	23.611448945087307	2.744579010952060	6.134267379396397	1.015047557746981	0.000000000000000	47.728153632760751
0.317518977187856	23.636670263870332	2.731366627132288	6.065668213837553	1.011729704575171	0.000000000000000	48.079768815116090
0.320385647396296	23.661786168809968	2.718155872633037	5.998028734984099	1.008383943294849	0.000000000000000	48.431189856154361
0.323262690882287	23.686793522311021	2.704951453577312	5.930370218031170	1.005015006093606	0.000000000000000	48.782395300330563
0.326150063732144	23.711691277472724	2.691760351790721	5.863081751428446	1.001629287266305	0.000000000000000	49.133363705262624
0.329047721874521	23.736477499150983	2.678583258721949	5.796467089858289	0.998231455992714	0.000000000000000	49.484073643040652
0.331955621081079	23.761153803237580	2.665414518317940	5.730791719710160	0.994823632892020	0.000000000000000	49.834503701535034
0.334873716967170	23.785721283605557	2.652260115936222	5.666793729549596	0.991406787700314	0.000000000000000	50.184632485703901
0.337801964992506	23.810181433979711	2.639118778871767	5.604002436009133	0.987980537067852	0.000000000000000	50.534438618899244
0.340740320461842	23.834536534761533	2.625983554910027	5.541396832901465	0.984541920862497	0.000000000000000	50.883900744172074
0.343688738525660	23.858788331012111	2.612856576300445	5.479582625529240	0.981088356298719	0.000000000000000	51.232997525576408
0.346647174180850	23.882936866417499	2.599744596639980	5.418932409181761	0.977618824892972	0.000000000000000	51.581707649471781
0.349615582271399	23.906982907728008	2.586654630671387	5.358743594533145	0.974134313131342	0.000000000000000	51.930009825824612
0.352593917489082	23.930926940304797	2.573585644499664	5.299818507660987	0.970637494096112	0.000000000000000	52.277882789508013
0.355582134374150	23.954770304391928	2.560540082451351	5.241874203872314	0.967131330448807	0.000000000000000	52.625305301600122
0.358580187316024	23.978514916998790	2.547520189171184	5.184614656496007	0.963617292892235	0.000000000000000	52.972256150680792
0.361588030553995	24.002165308936210	2.534510821344092	5.127983198271433	0.960095425223222	0.000000000000000	53.318714154126631
0.364605618177920	24.025725241760583	2.521508767659343	5.072065308701028	0.956564404940388	0.000000000000000	53.664658159404283
0.367632904128920	24.049198788531392	2.508524516483166	5.016809670507185	0.953021697656400	0.000000000000000	54.010067045361843
0.370669842200088	24.072588212022630	2.495565443668236	4.962408038175141	0.949465963875502	0.000000000000000	54.354919723518456
0.373716386037193	24.095890128623566	2.482635467117315	4.908399788805327	0.945899165239096	0.000000000000000	54.699195139351730
0.376772489139385	24.119100337954553	2.469736908027127	4.855065069029708	0.942323891374728	0.000000000000000	55.042872273583363
0.379838104859906	24.142220618325418	2.456863428276039	4.802371205654535	0.938742737762346	0.000000000000000	55.385930143462232
0.382913186406804	24.165256236697726	2.444011142575267	4.750424126156060	0.935155906444162	0.000000000000000	55.728347804045640
0.385997686843644	24.188211369424859	2.431179340416838	4.698858358287526	0.931562300112245	0.000000000000000	56.070104349477980
0.389091559090227	24.211088080969361	2.418362425664160	4.648420527700430	0.927962589414868	0.000000000000000	56.411178914267175
0.392194755923309	24.233883913605439	2.405562966099972	4.598497311938313	0.924357443887783	0.000000000000000	56.751550674558615
0.395307229977316	24.256599225261549	2.392783455489411	4.549466449330904	0.920744165773714	0.000000000000000	57.091198849406382
0.398428933745075	24.279239602337555	2.380021007561452	4.500958987617103	0.917118877472220	0.000000000000000	57.430102702042170
0.401559819578536	24.301804867425524	2.367272488954802	4.453560167461338	0.913480639797245	0.000000000000000	57.768241541141307
0.404699839689496	24.324288161991138	2.354538991961651	4.406034046809093	0.909829790761902	0.000000000000000	58.105594722085918
0.407848946150332	24.346690453020258	2.341826392562562	4.358479710973087	0.906166514430676	0.000000000000000	58.442141648225522
0.411007090894734	24.369013070868014	2.329133963624352	4.311514260138703	0.902489519215847	0.000000000000000	58.777861772134450
0.414174225718434	24.391257899275455	2.316454112621815	4.265250890719527	0.898798505769367	0.000000000000000	59.112734596866304
0.417350302279943	24.413426428673937	2.303788676502568	4.219545615319912	0.895092754717687	0.000000000000000	59.446739677205379
0.420535272101294	24.435514903793418	2.291135891121047	4.174228598925372	0.891371864240136	0.000000000000000	59.779856620915076
0.423729086568775	24.457519252652837	2.278499150908456	4.129451244695392	0.887637168312001	0.000000000000000	60.112065089982714
0.426931696933674	24.479442205330130	2.265862920496922	4.085772130849429	0.883891027765278	0.000000000000000	60.443344801861322
0.430143054313024	24.501286204770903	2.253218947812296	4.042559136257555	0.880136017742868	0.000000000000000	60.773675530707990
0.433363109690348	24.523049601257910	2.240566481583147	3.999364767054643	0.876374345375422	0.000000000000000	61.103037108618679
0.436591813916407	24.544733864220845	2.227902307276799	3.956937029405603	0.872608127110458	0.000000000000000	61.431409426859602
0.439829117709951	24.566344508705800	2.215228731879258	3.915303819297530	0.868838167589092	0.000000000000000	61.758772437094919
0.443074971658470	24.587885816648896	2.202551052777822	3.873825624138278	0.865063670243810	0.000000000000000	62.085106152610720
0.446329326218949	24.609358525755766	2.189879646241077	3.832827354842899	0.861283009480119	0.000000000000000	62.410390649535309
0.449592131718624	24.630761811941635	2.177232109178362	3.791740921500724	0.857495320237670	0.000000000000000	62.734606068055655
0.452863338355742	24.652097098391792	2.164610532204527	3.751021336309531	0.853701773135978	0.000000000000000	63.057732613629909
0.456142896200317	24.673362761997112	2.152011131032852	3.710930454057105	0.849903147264618	0.000000000000000	63.379750558195887
0.459430755194896	24.694555676673502	2.139436157746380	3.671394102382538	0.846098754541146	0.000000000000000	63.700640241375581
0.462726865155321	24.715672918637310	2.126886037048920	3.632404538681573	0.842288952105125	0.000000000000000	64.020382071675456
0.466031175771497	24.736711242029223	2.114366298889337	3.593839798814627	0.838473288761130	0.000000000000000	64.338956527682683
0.469343636608155	24.757667769041927	2.101884199745508	3.555478454977747	0.834650521659343	0.000000000000000	64.656344159256804
0.472664197105630	24.778542313841402	2.089443691210376	3.517196909222186	0.830819664378354	0.000000000000000	64.972525588717474
0.475992806580623	24.799337744126156	2.077047372739772	3.479172574436691	0.826981109475337	0.000000000000000	65.287481512027313
0.479329414226985	24.820056900772887	2.064680864883675	3.441825399294678	0.823137339432382	0.000000000000000	65.601192699970682
0.482673969116482	24.840702384347033	2.052340674078811	3.405146339608872	0.819288106483750	0.000000000000000	65.913639999327529
0.486026420199582	24.861272913085834	2.040022765184448	3.368950956233799	0.815433084770822	0.000000000000000	66.224804334042858
0.489386716306225	24.881761747452405	2.027722829345640	3.332912718143851	0.811573771385639	0.000000000000000	66.534666706391448
0.492754806146613	24.902161187487188	2.015444711597646	3.297121882470240	0.807712200321069	0.000000000000000	66.843208198137589
0.496130638311986	24.922470041853352	2.003185458478384	3.261929038620820	0.803850051238974	0.000000000000000	67.150409971690166
0.499514161275409	24.942686145808889	1.990945224151606	3.227318218438896	0.799988988608505	0.000000000000000	67.456253271252820
0.502905323392560	24.962812696979473	1.978719226726568	3.193202958401307	0.796132272788337	0.000000000000000	67.760719423969064
0.506304072902518	24.982854766691794	1.966514319956169	3.159412082850333	0.792280116137199	0.000000000000000	68.063789841062174
0.509710357928548	25.002818448822502	1.954332663277631	3.126286961008126	0.788433341589887	0.000000000000000	68.365446018970289
0.513124126478901	25.022710785210883	1.942166079100238	3.093647711775517	0.784594394654984	0.000000000000000	68.665669540476017
0.516545326447601	25.042537061384071	1.930016941839131	3.061204908522389	0.780760837046826	0.000000000000000	68.964442075830902
0.519973905615243	25.062293578563043	1.917889239844032	3.029018953977947	0.776930606368206	0.000000000000000	69.261745383874512
0.523409811649792	25.081977044859418	1.905781096343062	2.997152652643266	0.773103146309130	0.000000000000000	69.557561313148199
0.526852992107376	25.101590491868354	1.893692537987155	2.965675542686514	0.769278697819313	0.000000000000000	69.851871803003149
0.530303394433092	25.121133464509466	1.881625864335858	2.934229215897175	0.765458090895214	0.000000000000000	70.144658884703190
0.533760965961806	25.140600485386681	1.869579007002172	2.902844862592270	0.761640712001315	0.000000000000000	70.435904682521880
0.537225653918958	25.159988592052272	1.857546330505278	2.872060556895958	0.757823229877649	0.000000000000000	70.725591414833730
0.540697405421364	25.179297701766629	1.845537538414760	2.841633814161735	0.754002741097602	0.000000000000000	71.013701395199988
0.544176167478028	25.198528428785494	1.833560111286185	2.811125152232358	0.750179266212698	0.000000000000000	71.300217033448334
0.547661886990948	25.217682230124815	1.821607038238266	2.781292431625913	0.746357564049751	0.000000000000000	71.585120836746938
0.551154510755927	25.236757776397241	1.809678193938612	2.751731762039907	0.742540481799934	0.000000000000000	71.868395410672420
0.554653985463385	25.255754177257803	1.797780552348702	2.722376780186122	0.738727311984445	0.000000000000000	72.150023460271782
0.558160257699172	25.274671036329497	1.785908980034397	2.693659827935548	0.734917752028234	0.000000000000000	72.429987791118450
0.561673273945386	25.293508996550621	1.774054275405894	2.665171246731083	0.731115745680077	0.000000000000000	72.708271310361923
0.565192980581187	25.312268753017879	1.762220389465573	2.637112344478157	0.727326904185571	0.000000000000000	72.984857027771483
0.568719323883614	25.330953904331690	1.750414861055297	2.609626808973255	0.723553928120079	0.000000000000000	73.259728056773383
0.572252250028412	25.349569689221070	1.738633149285052	2.582269892887753	0.719796792185529	0.000000000000000	73.532867615481962
0.575791705090846	25.368114169377044	1.726874428290292	2.555196685189905	0.716052635410929	0.000000000000000	73.804259027724143
0.579337635046527	25.386578748026601	1.715149670005321	2.528189407297853	0.712319438303295	0.000000000000000	74.073885724057618
0.582889985772238	25.404958615448162	1.703458772868310	2.501467971360660	0.708597918578607	0.000000000000000	74.341731242782473
0.586448703046758	25.423252555418966	1.691792787641657	2.474994009719872	0.704892667984466	0.000000000000000	74.607779230946221
0.590013732551689	25.441458776797830	1.680146987370410	2.448983882490505	0.701207575211798	0.000000000000000	74.872013445342191
0.593585019872289	25.459581301698474	1.668521765126908	2.423264955185362	0.697542482518865	0.000000000000000	75.134417753501324
0.597162510498299	25.477621850673497	1.656918905310046	2.397444009633932	0.693893053112526	0.000000000000000	75.394976134677009
0.600746149824774	25.495577390673425	1.645339147361876	2.372065912327173	0.690258181349807	0.000000000000000	75.653672680823234
0.604335883152922	25.513441997412098	1.633787848471990	2.346879637055237	0.686640418307115	0.000000000000000	75.910491597565937
0.607931655690932	25.531214132163182	1.622269210446277	2.322110010136150	0.683042184131568	0.000000000000000	76.165417205167131
0.611533412554816	25.548895055172210	1.610783693159964	2.297641006600107	0.679464536430347	0.000000000000000	76.418433939482384
0.615141098769243	25.566480241441891	1.599331355358946	2.273624094867812	0.675908563631441	0.000000000000000	76.669526352910893
0.618754659268381	25.583962600515626	1.587915710216847	2.249915054292917	0.672375283101568	0.000000000000000	76.918679115338833
0.622374038896734	25.601338321123219	1.576541819098451	2.226602592077183	0.668864109440549	0.000000000000000	77.165877015075097
0.625999182409987	25.618608340137037	1.565205972772572	2.203364363635776	0.665373072233982	0.000000000000000	77.411104959780147
0.629630034475848	25.635778114030465	1.553902361434337	2.180185086437648	0.661902112976673	0.000000000000000	77.654347977387474
0.633266539674894	25.652847712667032	1.542631900170096	2.157525919767530	0.658451416364747	0.000000000000000	77.895591217017639
0.636908642501412	25.669810465409107	1.531398864220642	2.135146921191512	0.655021653498055	0.000000000000000	78.134819949884957
0.640556287364254	25.686660225741676	1.520200321005653	2.112856364974091	0.651616321210035	0.000000000000000	78.372019570196784
0.644209418587677	25.703393137101386	1.509028433208425	2.090562970584410	0.648239122525236	0.000000000000000	78.607175596045309
0.647867980412201	25.720007839130190	1.497879989989689	2.068715896001728	0.644891533016258	0.000000000000000	78.840273670291594
0.651531916995453	25.736504661310143	1.486756211084678	2.047500959497265	0.641572639974960	0.000000000000000	79.071299561442260
0.655201172413025	25.752885738511377	1.475660478768243	2.026534999902447	0.638281060806613	0.000000000000000	79.300239164518274
0.658875690659324	25.769156107476157	1.464602115355731	2.005692967825262	0.635013722066616	0.000000000000000	79.527078501916179
0.662555415648426	25.785316314454686	1.453588567430866	1.985002258095138	0.631768425561954	0.000000000000000	79.751803724261421
0.666240291214939	25.801363808267268	1.442624425634591	1.964400206120481	0.628544576160117	0.000000000000000	79.974401111253982
0.669930261114849	25.817299975497637	1.431709298815241	1.943895909955136	0.625341867926636	0.000000000000000	80.194857072505954
0.673625269026390	25.833122562134182	1.420839736484068	1.923883958485839	0.622162033728858	0.000000000000000	80.413158148371338
0.677325258550896	25.848826367547069	1.410022212616926	1.903926175474313	0.619005891546258	0.000000000000000	80.629291010767858
0.681030173213665	25.864401732723742	1.399264345377563	1.884109385184100	0.615874366427694	0.000000000000000	80.843242463990563
0.684739956464818	25.879844150585214	1.388564929568088	1.864459117865566	0.612769728802307	0.000000000000000	81.054999445517595
0.688454551680169	25.895155402018545	1.377920374447609	1.845163714266951	0.609694499081545	0.000000000000000	81.264549026807600
0.692173902162080	25.910336303910647	1.367334213771201	1.826474321018519	0.606648802455685	0.000000000000000	81.471878414089147
0.695897951140335	25.925383136602150	1.356812072236594	1.807962061931442	0.603632379687552	0.000000000000000	81.676974949141837
0.699626641772999	25.940292364082630	1.346360728982301	1.789761625228280	0.600645331578313	0.000000000000000	81.879826110069033
0.703359917147292	25.955062371951371	1.335986697041034	1.771899041639483	0.597686238946779	0.000000000000000	82.080419512062434
0.707097720280453	25.969696810980832	1.325691832491416	1.754088573853525	0.594754563139087	0.000000000000000	82.278742908158279
0.710839994120613	25.984199267166250	1.315482244334062	1.736456473007049	0.591849559447845	0.000000000000000	82.474784189984959
0.714586681547664	25.998567661415532	1.305358001539535	1.719052193211560	0.588969701644081	0.000000000000000	82.668531388502302
0.718337725374132	26.012798573450805	1.295314890803227	1.702058993239026	0.586114758653911	0.000000000000000	82.859972674732404
0.722093068346048	26.026888510938885	1.285357740317661	1.685422176843324	0.583285113529294	0.000000000000000	83.049096360481698
0.725852653143823	26.040834536381634	1.275494585872842	1.668911865831902	0.580480911563900	0.000000000000000	83.235890899054709
0.729616422383125	26.054636734095801	1.265727647651314	1.652656993244368	0.577703772914244	0.000000000000000	83.420344885958926
0.733384318615750	26.068296976833260	1.256048750088310	1.636600023881776	0.574956975478364	0.000000000000000	83.602447059601076
0.737156284330504	26.081816620296639	1.246449690359708	1.620530915819191	0.572242148071442	0.000000000000000	83.782186301974761
0.740932261954077	26.095194790851576	1.236926799825252	1.604776846191817	0.569560601489105	0.000000000000000	83.959551639339224
0.744712193851926	26.108432346857164	1.227476553411741	1.589241293174865	0.566913695741062	0.000000000000000	84.134532242889293
0.748496022329148	26.121528260468089	1.218096874213194	1.574093618535791	0.564302864165950	0.000000000000000	84.307117429416550
0.752283689631368	26.134479393681509	1.208780750706785	1.559551872377828	0.561728773730030	0.000000000000000	84.477296661961631
0.756075137945615	26.147283396038823	1.199530765623200	1.544924099198175	0.559189647742530	0.000000000000000	84.645059550457461
0.759870309401209	26.159932478428754	1.190353730453135	1.530360200336739	0.556685283334861	0.000000000000000	84.810395852363627
0.763669146070640	26.172420876884608	1.181254870615898	1.516017497280219	0.554217472812606	0.000000000000000	84.973295473291756
0.767471589970454	26.184749302927109	1.172235254414288	1.501909157782711	0.551788001566452	0.000000000000000	85.133748467621814
0.771277583062139	26.196922353827290	1.163295308916683	1.488204446195643	0.549394535843345	0.000000000000000	85.291745039109287
0.775087067253010	26.208938162046337	1.154437658794263	1.474687634627253	0.547034432053899	0.000000000000000	85.447275541483307
0.778899984397095	26.220792739214119	1.145663828182359	1.461432435233462	0.544709660140155	0.000000000000000	85.600330479035563
0.782716276296024	26.232482637035844	1.136974489317341	1.448262672054940	0.542422888514236	0.000000000000000	85.750900507200058
0.786535884699916	26.244004692294070	1.128374486383383	1.435208431478513	0.540173757836778	0.000000000000000	85.898976433123707
0.790358751308268	26.255356549505901	1.119874113146519	1.422465062879097	0.537962007696665	0.000000000000000	86.044549216227423
0.794184817770848	26.266537191781413	1.111484928383071	1.410075761297440	0.535788994568157	0.000000000000000	86.187609968758267
0.798014025688579	26.277546683474554	1.103212829233849	1.397798637771698	0.533653223253094	0.000000000000000	86.328149956331941
0.801846316614439	26.288381637844907	1.095057464509241	1.385674204685680	0.531551765465074	0.000000000000000	86.466160598466132
0.805681632054344	26.299039101587010	1.087019751936438	1.373971881387149	0.529484657486421	0.000000000000000	86.601633469104300
0.809519913468050	26.309518784989034	1.079105250508356	1.362529763330296	0.527454123449537	0.000000000000000	86.734560297130272
0.813361102270039	26.319819185011507	1.071319091155344	1.351326800635347	0.525461205231566	0.000000000000000	86.864932966873056
0.817205139830416	26.329938494527500	1.063663651822672	1.340215449845775	0.523506767019229	0.000000000000000	86.992743518602396
0.821051967475805	26.339877271232577	1.056135293034624	1.329474975618755	0.521590849211040	0.000000000000000	87.117984149014774
0.824901526490245	26.349637332987477	1.048730182805191	1.319145263554562	0.519711052147031	0.000000000000000	87.240647211709813
0.828753758116082	26.359216149898430	1.041448429174447	1.309079530534477	0.517866529636188	0.000000000000000	87.360725217657105
0.832608603554869	26.368609151422977	1.034290063781968	1.299061447831332	0.516058014411400	0.000000000000000	87.478210835653414
0.836466003968267	26.377815685237536	1.027253489779856	1.289118711616831	0.514285670726381	0.000000000000000	87.593096892770362
0.840325900478933	26.386834596764025	1.020335637835812	1.279455210920913	0.512550919570634	0.000000000000000	87.705376374792280
0.844188234171430	26.395662906184469	1.013534358033681	1.270307611072332	0.510856534660589	0.000000000000000	87.815042426644467
0.848052946093120	26.404297172132363	1.006855391967852	1.261269011468947	0.509204683826291	0.000000000000000	87.922088352811755
0.851919977255062	26.412735005920695	1.000298022373351	1.252470980763169	0.507596008515792	0.000000000000000	88.026507617747285
0.855789268632919	26.420971751234003	0.993865838436196	1.243823484460477	0.506029598432068	0.000000000000000	88.128293846271447
0.859660761167854	26.429007326629595	0.987561382950777	1.235408678292458	0.504506529805733	0.000000000000000	88.227440823961260
0.863534395767433	26.436843271614531	0.981387033091243	1.227263217660006	0.503028939125913	0.000000000000000	88.323942497529629
0.867410113306524	26.444479319650309	0.975345583754759	1.219266130754525	0.501597883209915	0.000000000000000	88.417792975195013
0.871287854628206	26.451914308641967	0.969433968289803	1.211744516503331	0.500212959160346	0.000000000000000	88.508986527041117
0.875167560544666	26.459147081841536	0.963660369623288	1.204383095912160	0.498872532743125	0.000000000000000	88.597517585366731
0.879049171838105	26.466176365973659	0.958029292702088	1.197164285921047	0.497574538653490	0.000000000000000	88.683380745025659
0.882932629261640	26.472998930411720	0.952542426237853	1.190294524469590	0.496315794563507	0.000000000000000	88.766570763756675
0.886817873540212	26.479610622295336	0.947205647619968	1.183616494728187	0.495094273410424	0.000000000000000	88.847082562503658
0.890704845371487	26.486008796851792	0.942023289308934	1.177250706479196	0.493910082055300	0.000000000000000	88.924911225725651
0.894593485426762	26.492193642428834	0.936998969185274	1.171050606922160	0.492763915934652	0.000000000000000	89.000052001696957
0.898483734351872	26.498167595103965	0.932133992048444	1.165035343086451	0.491655990976949	0.000000000000000	89.072500302797280
0.902375532768094	26.503931796271232	0.927431274620028	1.159223929678457	0.490586935634945	0.000000000000000	89.142251705791793
0.906268821273057	26.509484042746220	0.922890421726403	1.153523080559187	0.489559491301113	0.000000000000000	89.209301952101200
0.910163540441643	26.514822498352132	0.918512850030170	1.148073275722614	0.488575825005285	0.000000000000000	89.273646948061781
0.914059630826899	26.519943733207288	0.914303113311132	1.142832369621318	0.487635535532298	0.000000000000000	89.335282765175194
0.917957032960941	26.524844516705869	0.910268949388325	1.137905316190224	0.486736179198235	0.000000000000000	89.394205640348503
0.921855687355864	26.529524457511808	0.906415266021138	1.133286602424361	0.485875099985058	0.000000000000000	89.450411976123803
0.925755534504650	26.533981870281483	0.902744917843607	1.128946692545500	0.485051003188888	0.000000000000000	89.503898340897877
0.929656514882074	26.538212311550343	0.899257872430620	1.124689153361882	0.484266131069510	0.000000000000000	89.554661469131773
0.933558568945615	26.542209699820056	0.895949365063862	1.120489504917290	0.483523912031332	0.000000000000000	89.602698261550088
0.937461637136363	26.545970964098956	0.892821214754982	1.116603016246779	0.482827086654528	0.000000000000000	89.648005785330241
0.941365659879928	26.549502479479724	0.889881129424303	1.113054489330939	0.482177278074675	0.000000000000000	89.690581274281541
0.945270577587354	26.552810185396439	0.887131742301257	1.109804630818132	0.481574308992174	0.000000000000000	89.730422129014030
0.949176330656020	26.555893109570732	0.884569625821940	1.106735774379838	0.481016458490688	0.000000000000000	89.767525917097245
0.953082859470558	26.558746444488548	0.882196148349665	1.103853550086040	0.480502437568977	0.000000000000000	89.801890373208664
0.956990104403758	26.561374241684387	0.880012574758700	1.101315670286722	0.480032256732454	0.000000000000000	89.833513399272036
0.960898005817478	26.563782724986442	0.878019575005621	1.098881187824785	0.479606081585627	0.000000000000000	89.862393064585504
0.964806504063560	26.565969135902961	0.876220982838143	1.096609470149600	0.479224299927838	0.000000000000000	89.888527605939458
0.968715539484732	26.567926043238735	0.874619614130806	1.094385899768663	0.478886851255825	0.000000000000000	89.911915427724168
0.972625052415525	26.569650103925756	0.873213906575585	1.092382805878276	0.478592362699800	0.000000000000000	89.932555102027251
0.976534983183181	26.571140487102870	0.872002052744598	1.090707439334327	0.478339271446230	0.000000000000000	89.950445368720779
0.980445272108565	26.572400530239069	0.870977687744758	1.089316206878124	0.478126722773832	0.000000000000000	89.965585135538277
0.984355859507074	26.573434922583814	0.870136396011433	1.088279892122664	0.477953838615683	0.000000000000000	89.977973478141394
0.988266685689550	26.574242973030486	0.869481450728384	1.087543497501015	0.477819447811282	0.000000000000000	89.987609640176302
0.992177690963191	26.574821742117916	0.869013295570343	1.087015150816430	0.477722156095667	0.000000000000000	89.994493033319941
0.996088815632461	26.575168410341075	0.868731310957977	1.086661041295302	0.477662443364235	0.000000000000000	89.998623237315883
1.000000000000000	26.575283874193140	0.868637281949697	1.086556497053419	0.477642156721106	0.000000000000000	90.000000000000000
