0.000000000000000e+00
1.217311652923492e-06
6.086537518545931e-06
1.704221791976046e-05
3.651878945154508e-05
6.695054349292739e-05
1.107715847206148e-04
1.704157896263991e-04
2.470994533848581e-04
3.408212691252688e-04
4.515796396062921e-04
5.793726772437280e-04
7.241982041420458e-04
8.860537521320211e-04
1.064936562812813e-03
1.260843587598481e-03
1.473771487770281e-03
1.703716634533836e-03
1.950675109080202e-03
2.214642702653591e-03
2.495614916622313e-03
2.793586962555827e-03
3.108553762306454e-03
3.440509948095416e-03
3.789449862605099e-03
4.155367559074530e-03
4.538256801401630e-03
4.938111064248796e-03
5.354923533154365e-03
5.788687104649082e-03
6.239394386376662e-03
6.707037697219698e-03
7.191609067431326e-03
7.693100238770012e-03
8.211502664641435e-03
8.746807510242927e-03
9.299005652715020e-03
9.868087681296545e-03
1.045404389748472e-02
1.105686431520103e-02
1.167653866096097e-02
1.231305637404945e-02
1.296640660670023e-02
1.363657822428155e-02
1.432355980548528e-02
1.502733964252179e-02
1.574790574131968e-02
1.648524582172972e-02
1.723934731773447e-02
1.801019737766241e-02
1.879778286440703e-02
1.960209035565030e-02
2.042310614409193e-02
2.126081623768261e-02
2.211520635986297e-02
2.298626194980602e-02
2.387396816266618e-02
2.477830986983187e-02
2.569927165918329e-02
2.663683783535509e-02
2.759099242000418e-02
2.856171915208150e-02
2.954900148810957e-02
3.055282260246439e-02
3.157316538766197e-02
3.261001245465012e-02
3.366334613310440e-02
3.473314847172981e-02
3.581940123856664e-02
3.692208592130042e-02
3.804118372757859e-02
3.917667558532989e-02
4.032854214308979e-02
4.149676377033007e-02
4.268132055779350e-02
4.388219231783319e-02
4.509935858475644e-02
4.633279861517381e-02
4.758249138835247e-02
4.884841560657416e-02
5.013054969549879e-02
5.142887180453171e-02
5.274335980719580e-02
5.407399130150936e-02
5.542074361036720e-02
5.678359378192743e-02
5.816251859000254e-02
5.955749453445514e-02
6.096849784159863e-02
6.239550446460240e-02
6.383849008390119e-02
6.529743010761013e-02
6.677229967194354e-02
6.826307364163875e-02
6.976972661038428e-02
7.129223290125331e-02
7.283056656714060e-02
7.438470139120534e-02
7.595461088731725e-02
7.754026830050886e-02
7.914164660743050e-02
8.075871851681160e-02
8.239145646992563e-02
8.403983264105919e-02
8.570381893798718e-02
8.738338700245085e-02
8.907850821064123e-02
9.078915367368723e-02
9.251529423814753e-02
9.425690048650792e-02
9.601394273768227e-02
9.778639104751841e-02
9.957421520930865e-02
1.013773847543044e-01
1.031958689522353e-01
1.050296368118336e-01
1.068786570813612e-01
1.087428982491435e-01
1.106223285441054e-01
1.125169159363132e-01
1.144266281375207e-01
1.163514326017191e-01
1.182912965256916e-01
1.202461868495729e-01
1.222160702574122e-01
1.242009131777411e-01
1.262006817841457e-01
1.282153419958432e-01
1.302448594782628e-01
1.322891996436305e-01
1.343483276515588e-01
1.364222084096405e-01
1.385108065740466e-01
1.406140865501285e-01
1.427320124930254e-01
1.448645483082741e-01
1.470116576524249e-01
1.491733039336606e-01
1.513494503124202e-01
1.535400597020270e-01
1.557450947693203e-01
1.579645179352918e-01
1.601982913757256e-01
1.624463770218439e-01
1.647087365609547e-01
1.669853314371051e-01
1.692761228517385e-01
1.715810717643558e-01
1.739001388931806e-01
1.762332847158286e-01
1.785804694699815e-01
1.809416531540645e-01
1.833167955279277e-01
1.857058561135323e-01
1.881087941956401e-01
1.905255688225079e-01
1.929561388065848e-01
1.954004627252144e-01
1.978584989213410e-01
2.003302055042190e-01
2.028155403501273e-01
2.053144611030869e-01
2.078269251755830e-01
2.103528897492902e-01
2.128923117758034e-01
2.154451479773698e-01
2.180113548476281e-01
2.205908886523488e-01
2.231837054301802e-01
2.257897609933970e-01
2.284090109286542e-01
2.310414105977430e-01
2.336869151383524e-01
2.363454794648333e-01
2.390170582689671e-01
2.417016060207376e-01
2.443990769691072e-01
2.471094251427964e-01
2.498326043510675e-01
2.525685681845112e-01
2.553172700158386e-01
2.580786630006749e-01
2.608527000783580e-01
2.636393339727408e-01
2.664385171929963e-01
2.692502020344277e-01
2.720743405792809e-01
2.749108846975613e-01
2.777597860478538e-01
2.806209960781473e-01
2.834944660266612e-01
2.863801469226772e-01
2.892779895873737e-01
2.921879446346636e-01
2.951099624720362e-01
2.980439933014026e-01
3.009899871199438e-01
3.039478937209633e-01
3.069176626947427e-01
3.098992434294008e-01
3.128925851117559e-01
3.158976367281920e-01
3.189143470655283e-01
3.219426647118918e-01
3.249825380575933e-01
3.280339152960073e-01
3.310967444244550e-01
3.341709732450902e-01
3.372565493657887e-01
3.403534202010420e-01
3.434615329728526e-01
3.465808347116340e-01
3.497112722571132e-01
3.528527922592367e-01
3.560053411790800e-01
3.591688652897594e-01
3.623433106773484e-01
3.655286232417957e-01
3.687247486978480e-01
3.719316325759746e-01
3.751492202232959e-01
3.783774568045147e-01
3.816162873028511e-01
3.848656565209795e-01
3.881255090819695e-01
3.913957894302302e-01
3.946764418324564e-01
3.979674103785783e-01
4.012686389827149e-01
4.045800713841297e-01
4.079016511481890e-01
4.112333216673243e-01
4.145750261619968e-01
4.179267076816650e-01
4.212883091057552e-01
4.246597731446353e-01
4.280410423405908e-01
4.314320590688043e-01
4.348327655383372e-01
4.382431037931148e-01
4.416630157129143e-01
4.450924430143548e-01
4.485313272518908e-01
4.519796098188085e-01
4.554372319482241e-01
4.589041347140854e-01
4.623802590321769e-01
4.658655456611256e-01
4.693599352034108e-01
4.728633681063773e-01
4.763757846632491e-01
4.798971250141478e-01
4.834273291471126e-01
4.869663368991224e-01
4.905140879571221e-01
4.940705218590499e-01
4.976355779948676e-01
5.012091956075939e-01
5.047913137943398e-01
5.083818715073465e-01
5.119808075550254e-01
5.155880606030014e-01
5.192035691751582e-01
5.228272716546859e-01
5.264591062851307e-01
5.300990111714481e-01
5.337469242810573e-01
5.374027834448982e-01
5.410665263584914e-01
5.447380905829997e-01
5.484174135462924e-01
5.521044325440113e-01
5.557990847406399e-01
5.595013071705737e-01
5.632110367391936e-01
5.669282102239410e-01
5.706527642753958e-01
5.743846354183553e-01
5.781237600529161e-01
5.818700744555583e-01
5.856235147802317e-01
5.893840170594431e-01
5.931515172053470e-01
5.969259510108379e-01
6.007072541506442e-01
6.044953621824245e-01
6.082902105478664e-01
6.120917345737857e-01
6.158998694732298e-01
6.197145503465804e-01
6.235357121826612e-01
6.273632898598445e-01
6.311972181471613e-01
6.350374317054138e-01
6.388838650882879e-01
6.427364527434689e-01
6.465951290137593e-01
6.504598281381966e-01
6.543304842531749e-01
6.582070313935672e-01
6.620894034938494e-01
6.659775343892262e-01
6.698713578167591e-01
6.737708074164952e-01
6.776758167325982e-01
6.815863192144815e-01
6.855022482179417e-01
6.894235370062947e-01
6.933501187515128e-01
6.972819265353641e-01
7.012188933505527e-01
7.051609521018602e-01
7.091080356072901e-01
7.130600765992119e-01
7.170170077255077e-01
7.209787615507204e-01
7.249452705572028e-01
7.289164671462678e-01
7.328922836393410e-01
7.368726522791142e-01
7.408575052306994e-01
7.448467745827856e-01
7.488403923487958e-01
7.528382904680460e-01
7.568404008069043e-01
7.608466551599531e-01
7.648569852511511e-01
7.688713227349963e-01
7.728895991976916e-01
7.769117461583105e-01
7.809376950699636e-01
7.849673773209678e-01
7.890007242360147e-01
7.930376670773416e-01
7.970781370459026e-01
8.011220652825412e-01
8.051693828691638e-01
8.092200208299145e-01
8.132739101323502e-01
8.173309816886172e-01
8.213911663566287e-01
8.254543949412434e-01
8.295205981954440e-01
8.335897068215181e-01
8.376616514722389e-01
8.417363627520470e-01
8.458137712182330e-01
8.498938073821211e-01
8.539764017102535e-01
8.580614846255750e-01
8.621489865086192e-01
8.662388376986945e-01
8.703309684950719e-01
8.744253091581722e-01
8.785217899107551e-01
8.826203409391081e-01
8.867208923942361e-01
8.908233743930521e-01
8.949277170195682e-01
8.990338503260868e-01
9.031417043343931e-01
9.072512090369473e-01
9.113622943980779e-01
9.154748903551754e-01
9.195889268198859e-01
9.237043336793060e-01
9.278210407971776e-01
9.319389780150831e-01
9.360580751536409e-01
9.401782620137019e-01
9.442994683775454e-01
9.484216240100758e-01
9.525446586600201e-01
9.566685020611244e-01
9.607930839333522e-01
9.649183339840810e-01
9.690441819093016e-01
9.731705573948156e-01
9.772973901174332e-01
9.814246097461727e-01
9.855521459434584e-01
9.896799283663196e-01
9.938078866675891e-01
9.979359504971027e-01
