0.000000000000000e+00 0.000000000000000e+00 -2.342503332230753e-10 2.889096124990210e-01 0.000000000000000e+00
1.371071353273301e-05 7.110185565654703e-02 7.245991798437662e-04 2.851455354129699e-01 4.711428583307734e-09
4.169953934984871e-05 2.162444005069231e-01 6.615443945023100e-03 2.781750327157917e-01 3.846287241004186e-07
8.453381948780869e-05 4.383546313113363e-01 2.667850663959166e-02 2.690675538155508e-01 6.048292318467310e-06
1.427808370142447e-04 7.403063177345499e-01 7.431813547934493e-02 2.589759788541222e-01 4.471795879474329e-05
2.170078137750941e-04 1.124780601314649e+00 1.669074739112718e-01 2.486406921298797e-01 2.115274855986984e-04
3.077819081407362e-04 1.593912181611315e+00 3.249395163529989e-01 2.380092287061632e-01 7.408701319817946e-04
4.156702127537937e-04 2.148568636179321e+00 5.700385143238729e-01 2.262442165742402e-01 2.085514823428185e-03
5.275290387434239e-04 2.717918867902522e+00 8.794886986572366e-01 2.139386103514710e-01 4.574179300730613e-03
6.433579417870483e-04 3.298192924991181e+00 1.245270585156588e+00 2.011223704742207e-01 8.554758821811920e-03
7.631564617923692e-04 3.884810062158415e+00 1.655226827526599e+00 1.885427770085993e-01 1.432665449763796e-02
8.869241228990354e-04 4.472661471036921e+00 2.094180198292009e+00 1.771372574347257e-01 2.212984198125212e-02
1.014660433480419e-03 5.056451911678452e+00 2.545676801746448e+00 1.676218603369821e-01 3.214303054052793e-02
1.146364886145945e-03 5.631040719012941e+00 2.993814027704709e+00 1.603003685592529e-01 4.448689987502570e-02
1.282036957742871e-03 6.191734746573503e+00 3.424725753795720e+00 1.550725200160297e-01 5.922935787049043e-02
1.421676109358172e-03 6.734504325216657e+00 3.827505553481124e+00 1.515579614006167e-01 7.639089803802540e-02
1.565281786321093e-03 7.256111921581341e+00 4.194546751238520e+00 1.492505603687612e-01 9.594917818573645e-02
1.712853418205151e-03 7.754158045599447e+00 4.521409574438359e+00 1.476467474525996e-01 1.178427239763971e-01
1.864390418830353e-03 8.227058594739763e+00 4.806380683700941e+00 1.463252663909236e-01 1.419741144554630e-01
2.019892186265637e-03 8.673972360172826e+00 5.049886987171329e+00 1.449799005488983e-01 1.682131521113594e-01
2.179358102831097e-03 9.094697867056887e+00 5.253889874528864e+00 1.434184057501854e-01 1.964004428192719e-01
2.342787535100643e-03 9.489556436934050e+00 5.421340355264316e+00 1.415428133242809e-01 2.263516148627094e-01
2.510179833904336e-03 9.859274626459758e+00 5.555734622444644e+00 1.393234077524921e-01 2.578621850813868e-01
2.681534334331159e-03 1.020487510228769e+01 5.660779376888015e+00 1.367741939839618e-01 2.907129054278092e-01
2.856850355731466e-03 1.052758125227852e+01 5.740157862435210e+00 1.339333436770695e-01 3.246753184000326e-01
3.036127201719752e-03 1.082873781580348e+01 5.797378905055401e+00 1.308494007528320e-01 3.595172228917295e-01
3.219364160177429e-03 1.110974766113810e+01 5.835689092762821e+00 1.275727190458525e-01 3.950077778268206e-01
3.406560503255829e-03 1.137202346701563e+01 5.858029986556551e+00 1.241508607868021e-01 4.309220311249165e-01
3.597715487378639e-03 1.161695235784891e+01 5.867025550274359e+00 1.206264783200133e-01 4.670447386844278e-01
3.792828353245237e-03 1.184587128591009e+01 5.864988585066998e+00 1.170365863189799e-01 5.031734139247044e-01
3.991898325833909e-03 1.206005100113278e+01 5.853938304436406e+00 1.134128186397969e-01 5.391206080647862e-01
4.194924614404183e-03 1.226068665968499e+01 5.835623791826576e+00 1.097821955737065e-01 5.747154657437948e-01
4.401906412500711e-03 1.244889339745050e+01 5.811549864470047e+00 1.061677669418665e-01 6.098046271124529e-01
4.612842897956049e-03 1.262570548053014e+01 5.783003099152753e+00 1.025889712050064e-01 6.442525627571307e-01
4.827733232894094e-03 1.279207792113261e+01 5.751076715418375e+00 9.906213284430068e-02 6.779414392767986e-01
5.046576563733418e-03 1.294888970480265e+01 5.716693676184331e+00 9.560124778411523e-02 7.107706163724941e-01
5.269372021190488e-03 1.309694798910353e+01 5.680627857250727e+00 9.221822511105324e-02 7.426558686505633e-01
5.496118720283327e-03 1.323699280719256e+01 5.643523377295635e+00 8.892279893733675e-02 7.735284104182846e-01
5.726815760335069e-03 1.336970193869813e+01 5.605912077501672e+00 8.572259226495364e-02 8.033337910965686e-01
5.961462224977065e-03 1.349569571382857e+01 5.568228983411309e+00 8.262349425644108e-02 8.320307155921967e-01
6.200057182153218e-03 1.361554160994985e+01 5.530825845109840e+00 7.962981830870954e-02 8.595898232732729e-01
6.442599684123196e-03 1.372975856205608e+01 5.493983074576983e+00 7.674461218560544e-02 8.859924574123358e-01
6.689088767466322e-03 1.383882096092804e+01 5.457920219909257e+00 7.396980040958050e-02 9.112294730140451e-01
6.939523453085350e-03 1.394316233842537e+01 5.422805193017570e+00 7.130591226979920e-02 9.353001117987210e-01
7.193902746210679e-03 1.404317873009530e+01 5.388762578694872e+00 6.875216492423203e-02 9.582109536486160e-01
7.452225636403798e-03 1.413923174283467e+01 5.355880850412405e+00 6.630698633902307e-02 9.799749647343293e-01
7.714491097561615e-03 1.423165137242744e+01 5.324218433123807e+00 6.396828049415269e-02 1.000610632114332e+00
7.980698087920568e-03 1.432073857285643e+01 5.293808996565183e+00 6.173319904518811e-02 1.020141149999522e+00
8.250845550060393e-03 1.440676761036599e+01 5.264666036419120e+00 5.959858965449476e-02 1.038593660827423e+00
8.524932410908903e-03 1.448998827998378e+01 5.236786733991963e+00 5.756108260052667e-02 1.055998561274078e+00
8.802957581745874e-03 1.457062798341019e+01 5.210155263542733e+00 5.561706328345940e-02 1.072388869680110e+00
9.084919958207260e-03 1.464889361905274e+01 5.184745644471253e+00 5.376275256772454e-02 1.087799666660961e+00
9.370818420289750e-03 1.472497328071319e+01 5.160524021991857e+00 5.199412768817772e-02 1.102267614753625e+00
9.660651832355649e-03 1.479903782723159e+01 5.137450412819171e+00 5.030699111968781e-02 1.115830543803522e+00
9.954419043136431e-03 1.487124236119000e+01 5.115480495143228e+00 4.869745438913264e-02 1.128527067979344e+00
1.025211888573807e-02 1.494172759176060e+01 5.094567337003299e+00 4.716193816865304e-02 1.140396222987287e+00
1.055375017764559e-02 1.501062109953589e+01 5.074662520573436e+00 4.569653540442724e-02 1.151477128711560e+00
1.085931172072718e-02 1.507803850424386e+01 5.055716840144084e+00 4.429734355151634e-02 1.161808681132298e+00
1.116880230124007e-02 1.514408453874368e+01 5.037680890161369e+00 4.296078403915395e-02 1.171429298612065e+00
1.148222068983396e-02 1.520885406657139e+01 5.020505611028002e+00 4.168359886600750e-02 1.180376728444896e+00
1.179956564155715e-02 1.527243302609930e+01 5.004142782476452e+00 4.046270989908286e-02 1.188687896368652e+00
1.212083589586055e-02 1.533489927265678e+01 4.988545427384490e+00 3.929511739681074e-02 1.196398789384721e+00
1.244603017660351e-02 1.539632337255849e+01 4.973667968232499e+00 3.817807546671922e-02 1.203544358195469e+00
1.277514719205819e-02 1.545676934672213e+01 4.959466313927388e+00 3.710892708049236e-02 1.210158424568129e+00
1.310818563491500e-02 1.551629529336792e+01 4.945898214813192e+00 3.608469389563770e-02 1.216273592544416e+00
1.344514418228782e-02 1.557495389924612e+01 4.932923589412445e+00 3.510266456784361e-02 1.221921172811232e+00
1.378602149571917e-02 1.563279290883299e+01 4.920504382796540e+00 3.416052362874750e-02 1.227131145548594e+00
1.413081622118550e-02 1.568985561657179e+01 4.908604577178560e+00 3.325616653933326e-02 1.231932115297471e+00
1.447952698910282e-02 1.574618135275170e+01 4.897190321918504e+00 3.238779913078385e-02 1.236351243604036e+00
1.483215241433178e-02 1.580180593610547e+01 4.886229844213387e+00 3.155374246227827e-02 1.240414241503899e+00
1.518869109618326e-02 1.585676205232015e+01 4.875693315125227e+00 3.075206879427762e-02 1.244145429531764e+00
1.554914161842413e-02 1.591107954225456e+01 4.865552688198935e+00 2.998108581179990e-02 1.247567793201430e+00
1.591350254928292e-02 1.596478567772003e+01 4.855781552164761e+00 2.923928685541451e-02 1.250703017623819e+00
1.628177244145490e-02 1.601790541180748e+01 4.846355087280454e+00 2.852514805388562e-02 1.253571526867137e+00
1.665394983210877e-02 1.607046157591839e+01 4.837250106541834e+00 2.783728107791796e-02 1.256192500955766e+00
1.703003324289154e-02 1.612247507475544e+01 4.828444964526849e+00 2.717436550849060e-02 1.258583889948004e+00
1.741002117993529e-02 1.617396508879482e+01 4.819919255734739e+00 2.653505458360890e-02 1.260762471020104e+00
1.779391213386217e-02 1.622494926078209e+01 4.811653498471959e+00 2.591824606665541e-02 1.262743931515864e+00
1.818170457979107e-02 1.627544387583131e+01 4.803629182799159e+00 2.532311543276054e-02 1.264542939667460e+00
1.857339697734361e-02 1.632546400990102e+01 4.795828954722654e+00 2.474843634089906e-02 1.266173179506424e+00
1.896898777065015e-02 1.637502363180321e+01 4.788236619677916e+00 2.419302564508435e-02 1.267647382033470e+00
1.936847538835551e-02 1.642413572870983e+01 4.780836853038467e+00 2.365628332945990e-02 1.268977382320832e+00
1.977185824362626e-02 1.647281243509127e+01 4.773615263286462e+00 2.313755381008006e-02 1.270174166169342e+00
2.017913473415589e-02 1.652106511704108e+01 4.766558720993864e+00 2.263587011296865e-02 1.271247887404020e+00
2.059030324217204e-02 1.656890438808774e+01 4.759655306238831e+00 2.215046998449247e-02 1.272207912502392e+00
2.100536213444248e-02 1.661634010826165e+01 4.752893933049299e+00 2.168077910843450e-02 1.273062920172363e+00
2.142430976228171e-02 1.666338143450110e+01 4.746264187497081e+00 2.122621872651556e-02 1.273820990223504e+00
2.184714446155744e-02 1.671003688798764e+01 4.739756207922178e+00 2.078608375894996e-02 1.274489665787725e+00
2.227386455269731e-02 1.675631448854426e+01 4.733360589381586e+00 2.035959516297417e-02 1.275075974858749e+00
2.270446834069551e-02 1.680222187143016e+01 4.727068462194279e+00 1.994615539882019e-02 1.275586436022519e+00
2.313895411511957e-02 1.684776627420108e+01 4.720871530691989e+00 1.954517857085204e-02 1.276027085770686e+00
2.357732015011704e-02 1.689295455386207e+01 4.714762116812772e+00 1.915626996677131e-02 1.276403475812032e+00
2.401956470442235e-02 1.693779325848786e+01 4.708733006923021e+00 1.877902769559949e-02 1.276720678002784e+00
2.446568602136390e-02 1.698228859546060e+01 4.702777240756949e+00 1.841287144908782e-02 1.276983362673943e+00
2.491568232887087e-02 1.702644640642952e+01 4.696887986724231e+00 1.805738073068591e-02 1.277195872498835e+00
2.536955183948031e-02 1.707027222855406e+01 4.691059060786349e+00 1.771219180484582e-02 1.277362225032619e+00
2.582729275034423e-02 1.711377130839002e+01 4.685285265966733e+00 1.737671279914997e-02 1.277486101070378e+00
2.628890324323674e-02 1.715694860426660e+01 4.679561967738851e+00 1.705064071809520e-02 1.277570830386375e+00
2.675438148456133e-02 1.719980880677183e+01 4.673884423153011e+00 1.673405822708583e-02 1.277619406633943e+00
2.722372562535813e-02 1.724235635454932e+01 4.668247381545463e+00 1.642673178211368e-02 1.277634550853377e+00
2.769693380131144e-02 1.728459552248971e+01 4.662645374092793e+00 1.612802539030680e-02 1.277618820910272e+00
2.817400413275650e-02 1.732653050466106e+01 4.657073081487045e+00 1.583733787287299e-02 1.277574683194592e+00
2.865493472468783e-02 1.736816543045753e+01 4.651525460796208e+00 1.555446557416905e-02 1.277504527340868e+00
2.913972366676609e-02 1.740950435587394e+01 4.645997938355579e+00 1.527938360363806e-02 1.277410606567753e+00
2.962836903332600e-02 1.745055118340765e+01 4.640486644151995e+00 1.501175268611027e-02 1.277294940453344e+00
3.012086888338394e-02 1.749130962943618e+01 4.634988328690740e+00 1.475120444868985e-02 1.277159310156254e+00
3.061722126064548e-02 1.753178333199748e+01 4.629500416474206e+00 1.449749503225593e-02 1.277005293971054e+00
3.111742419351327e-02 1.757197586694389e+01 4.624020863816114e+00 1.425035836942477e-02 1.276834270524775e+00
3.162147569509521e-02 1.761189071172935e+01 4.618547416405391e+00 1.400953735856095e-02 1.276647437095721e+00
3.212937376321157e-02 1.765153124709371e+01 4.613077347640917e+00 1.377487700979564e-02 1.276445856936707e+00
3.264111638040379e-02 1.769090074380048e+01 4.607607861020497e+00 1.354628435704250e-02 1.276230532614153e+00
3.315670151394179e-02 1.773000237371454e+01 4.602136602416019e+00 1.332347780556976e-02 1.276002420005469e+00
3.367612711583257e-02 1.776883921173780e+01 4.596661657516968e+00 1.310627152367286e-02 1.275762377626980e+00
3.419939112282810e-02 1.780741426702561e+01 4.591181428051226e+00 1.289450671448331e-02 1.275511171833774e+00
3.472649145643336e-02 1.784573049537082e+01 4.585694414520197e+00 1.268776322492499e-02 1.275249491731031e+00
3.525742602291493e-02 1.788379077165430e+01 4.580198831102727e+00 1.248587572404069e-02 1.274977912504207e+00
3.579219271330913e-02 1.792159793654224e+01 4.574692908036457e+00 1.228891779493198e-02 1.274696873192071e+00
3.633078940343037e-02 1.795915485873276e+01 4.569175063416589e+00 1.209678605335004e-02 1.274406710150339e+00
3.687321395387988e-02 1.799646436236999e+01 4.563643860445024e+00 1.190929090273160e-02 1.274107731840979e+00
3.741946421005360e-02 1.803352911228789e+01 4.558097947199003e+00 1.172631879074875e-02 1.273800275718709e+00
3.796953800215142e-02 1.807035167757872e+01 4.552536074178791e+00 1.154768400703218e-02 1.273484712977638e+00
3.852343314518525e-02 1.810693459380535e+01 4.546957531097375e+00 1.137317183059792e-02 1.273161430910533e+00
3.908114743898816e-02 1.814328038986562e+01 4.541361765263336e+00 1.120265917232349e-02 1.272830843746618e+00
3.964267866822269e-02 1.817939163684922e+01 4.535748154987885e+00 1.103603579260794e-02 1.272493347760394e+00
4.020802460238992e-02 1.821527087172515e+01 4.530116407350120e+00 1.087322507204140e-02 1.272149275175832e+00
4.077718299583832e-02 1.825092053373178e+01 4.524466443053337e+00 1.071411395202824e-02 1.271798940693627e+00
4.135015158777255e-02 1.828634300352139e+01 4.518798072570958e+00 1.055873298563844e-02 1.271442691040215e+00
4.192692810226251e-02 1.832154065132990e+01 4.513110629261989e+00 1.040689377525965e-02 1.271080872039214e+00
4.250751024825250e-02 1.835651582132143e+01 4.507403129777201e+00 1.025834705076905e-02 1.270713743630183e+00
4.309189571956995e-02 1.839127084773720e+01 4.501674537343458e+00 1.011306667661998e-02 1.270341406215697e+00
4.368008219493513e-02 1.842580803333669e+01 4.495924071578791e+00 9.970891464705490e-03 1.269963823911844e+00
4.427206733796973e-02 1.846012963131669e+01 4.490151207710674e+00 9.831757740582600e-03 1.269580927150165e+00
4.486784879720684e-02 1.849423787728897e+01 4.484355705227959e+00 9.695575440907836e-03 1.269192637231561e+00
4.546742420609962e-02 1.852813501392790e+01 4.478537173987785e+00 9.562232681674764e-03 1.268798946473494e+00
4.607079118303103e-02 1.856182332980935e+01 4.472694742992226e+00 9.431577168373921e-03 1.268400028421073e+00
4.667794733132358e-02 1.859530516827756e+01 4.466827291500470e+00 9.303603886185386e-03 1.267996152443757e+00
4.728889023924820e-02 1.862858287351393e+01 4.460933669169931e+00 9.178370412987934e-03 1.267587558889371e+00
4.790361748003424e-02 1.866165870911167e+01 4.455013033875001e+00 9.055804461763430e-03 1.267174445365091e+00
4.852212661187916e-02 1.869453486906479e+01 4.449065049228748e+00 8.935771227349737e-03 1.266756979735621e+00
4.914441517795798e-02 1.872721345353350e+01 4.443089719941959e+00 8.818161861914676e-03 1.266335316996090e+00
4.977048070643308e-02 1.875969641377841e+01 4.437087421135375e+00 8.702906565338890e-03 1.265909576868336e+00
5.040032071046441e-02 1.879198568007031e+01 4.431059064020869e+00 8.589932996221293e-03 1.265479796288081e+00
5.103393268821854e-02 1.882408324983928e+01 4.425005760586835e+00 8.479095418392396e-03 1.265045961606446e+00
5.167131412287962e-02 1.885599108892641e+01 4.418928634336565e+00 8.370321258049014e-03 1.264608069936810e+00
5.231246248265853e-02 1.888771102395881e+01 4.412828671224626e+00 8.263699505770656e-03 1.264166161145059e+00
5.295737522080346e-02 1.891924478905394e+01 4.406706943808955e+00 8.159328369127852e-03 1.263720297708735e+00
5.360604977560979e-02 1.895059410925077e+01 4.400564557181556e+00 8.057086749711676e-03 1.263270523211054e+00
5.425848357043028e-02 1.898176066678803e+01 4.394401918781694e+00 7.956838550845466e-03 1.262816877141302e+00
5.491467401368522e-02 1.901274603547063e+01 4.388218717976319e+00 7.858470313335059e-03 1.262359368315426e+00
5.557461849887324e-02 1.904355172801781e+01 4.382014583257759e+00 7.761891068732366e-03 1.261897923588848e+00
5.623831440458082e-02 1.907417928356383e+01 4.375789383199685e+00 7.667074056256812e-03 1.261432454043353e+00
5.690575909449336e-02 1.910463029766011e+01 4.369543142090627e+00 7.573990070226315e-03 1.260962918092808e+00
5.757694991740547e-02 1.913490648993092e+01 4.363276011393908e+00 7.482565550105771e-03 1.260489302897036e+00
5.825188420723149e-02 1.916500969808944e+01 4.356988134343121e+00 7.392794158043305e-03 1.260011598357924e+00
5.893055928301583e-02 1.919494185713309e+01 4.350679934356291e+00 7.304748707081756e-03 1.259529735778653e+00
5.961297244894415e-02 1.922470486265418e+01 4.344352783448409e+00 7.218431936130009e-03 1.259043554225481e+00
6.029912099435364e-02 1.925430039943764e+01 4.338008239632732e+00 7.133612188638817e-03 1.258552900469868e+00
6.098900219374392e-02 1.928373012454981e+01 4.331646762021567e+00 7.050247990776711e-03 1.258057754916091e+00
6.168261330678781e-02 1.931299582790006e+01 4.325267887081085e+00 6.968452031319284e-03 1.257558209520265e+00
6.237995157834242e-02 1.934209924892809e+01 4.318871526443385e+00 6.888109356893270e-03 1.257054343382381e+00
6.308101423845980e-02 1.937104197952550e+01 4.312458072633249e+00 6.809148544780504e-03 1.256546177864014e+00
6.378579850239807e-02 1.939982550906558e+01 4.306028072227880e+00 6.731481264070853e-03 1.256033677213059e+00
6.449430157063274e-02 1.942845125042006e+01 4.299581687188130e+00 6.655037307269207e-03 1.255516807343660e+00
6.520652062886723e-02 1.945692061986781e+01 4.293118121364020e+00 6.579916157364518e-03 1.254995606939940e+00
6.592245284804465e-02 1.948523499900719e+01 4.286637019118662e+00 6.506123988933752e-03 1.254470076679267e+00
6.664209538435872e-02 1.951339567184376e+01 4.280138633749627e+00 6.433579630688869e-03 1.253940087219634e+00
6.736544537926525e-02 1.954140394481151e+01 4.273623031617388e+00 6.362292580485660e-03 1.253405470840273e+00
6.809249995949318e-02 1.956926125981306e+01 4.267090377397283e+00 6.292258290337813e-03 1.252866102380911e+00
6.882325623705643e-02 1.959696910823344e+01 4.260541296189251e+00 6.223319332578122e-03 1.252321900230712e+00
6.955771130926480e-02 1.962452888487677e+01 4.253976862033396e+00 6.155564065727323e-03 1.251772814614277e+00
7.029586225873630e-02 1.965194181806392e+01 4.247397678828731e+00 6.088984402097842e-03 1.251218845950536e+00
7.103770615340788e-02 1.967920898150072e+01 4.240803906234805e+00 6.023486809820881e-03 1.250660009600503e+00
7.178324004654768e-02 1.970633134184674e+01 4.234196229624682e+00 5.958992634068593e-03 1.250096298812330e+00
7.253246097676658e-02 1.973330986256383e+01 4.227575294021936e+00 5.895551602001501e-03 1.249527692610454e+00
7.328536596802959e-02 1.976014565534499e+01 4.220941077319728e+00 5.833087639569092e-03 1.248954226152038e+00
7.404195202966835e-02 1.978683992786203e+01 4.214293101829435e+00 5.771598915853552e-03 1.248376025909043e+00
7.480221615639249e-02 1.981339390145884e+01 4.207631059297876e+00 5.710991564749666e-03 1.247793273972818e+00
7.556615532830180e-02 1.983980888729012e+01 4.200954932707525e+00 5.651284962621700e-03 1.247206149967516e+00
7.633376651089807e-02 1.986608629985196e+01 4.194265024832178e+00 5.592476464329314e-03 1.246614805195423e+00
7.710504665509732e-02 1.989222756060266e+01 4.187561823808103e+00 5.534480619859099e-03 1.246019470601043e+00
7.787999269724177e-02 1.991823402754951e+01 4.180845710159110e+00 5.477289857839913e-03 1.245420476748142e+00
7.865860155911208e-02 1.994410698862652e+01 4.174117270167072e+00 5.420894337976487e-03 1.244818181293917e+00
7.944087014793944e-02 1.996984778760362e+01 4.167377249749007e+00 5.365328424645648e-03 1.244212953513603e+00
8.022679535641830e-02 1.999545787198438e+01 4.160626454810064e+00 5.310559366109545e-03 1.243605105887452e+00
8.101637406271789e-02 2.002093856998492e+01 4.153865883781306e+00 5.256709948517456e-03 1.242994822432332e+00
8.180960313049557e-02 2.004629098580072e+01 4.147096963210180e+00 5.203832137303971e-03 1.242382085306964e+00
8.260647940890875e-02 2.007151621234131e+01 4.140321353085318e+00 5.151762448600178e-03 1.241766694803546e+00
8.340699973262711e-02 2.009661538586369e+01 4.133539933550089e+00 5.100467886945530e-03 1.241148433077683e+00
8.421116092184611e-02 2.012158950749991e+01 4.126752751831270e+00 5.049971790886045e-03 1.240527151821369e+00
8.501895978229868e-02 2.014643958263470e+01 4.119959881775576e+00 5.000262921342481e-03 1.239902702898853e+00
8.583039310526841e-02 2.017116674974842e+01 4.113161977879469e+00 4.951428706670367e-03 1.239274804144399e+00
8.664545766760212e-02 2.019577205952485e+01 4.106360157259218e+00 4.903387313077902e-03 1.238642996684587e+00
8.746415023172294e-02 2.022025656020130e+01 4.099554828179398e+00 4.855949899693242e-03 1.238006748691234e+00
8.828646754564262e-02 2.024462151832532e+01 4.092745554337569e+00 4.809138324920232e-03 1.237365634429267e+00
8.911240634297513e-02 2.026886838816595e+01 4.085931967952790e+00 4.762896343035207e-03 1.236719449106499e+00
8.994196334294891e-02 2.029299871756701e+01 4.079114077432930e+00 4.717233241846767e-03 1.236068083390630e+00
9.077513525042058e-02 2.031701394548792e+01 4.072291958255230e+00 4.672171611540396e-03 1.235411351909827e+00
9.161191875588748e-02 2.034091520700803e+01 4.065465534847278e+00 4.627769971154623e-03 1.234749002053211e+00
9.245231053550140e-02 2.036470337905627e+01 4.058634454435651e+00 4.584072914785874e-03 1.234080853713680e+00
9.329630725108107e-02 2.038837923682479e+01 4.051797868987035e+00 4.541097461744945e-03 1.233406970740925e+00
9.414390555012608e-02 2.041194356291277e+01 4.044955347193750e+00 4.498677827097309e-03 1.232727546227807e+00
9.499510206582962e-02 2.043539722333789e+01 4.038106887410230e+00 4.456777893553580e-03 1.232042684820292e+00
9.584989341709238e-02 2.045874112320789e+01 4.031252644939024e+00 4.415419158503627e-03 1.231352380596098e+00
9.670827620853573e-02 2.048197609871667e+01 4.024392732368139e+00 4.374573182797202e-03 1.230656546158787e+00
9.757024703051509e-02 2.050510306881749e+01 4.017526685217994e+00 4.334254770604143e-03 1.229955068780123e+00
9.843580245913375e-02 2.052812300754303e+01 4.010653871560725e+00 4.294503237259984e-03 1.229247919223223e+00
9.930493905625615e-02 2.055103677753215e+01 4.003773302741228e+00 4.255332519594544e-03 1.228535253864911e+00
1.001776533695218e-01 2.057384514341059e+01 3.996884349190046e+00 4.216616583973455e-03 1.227817413195957e+00
1.010539419323591e-01 2.059654888809843e+01 3.989987182925772e+00 4.178435474022468e-03 1.227094799670661e+00
1.019338012639984e-01 2.061914880239922e+01 3.983082783462472e+00 4.140841222139887e-03 1.226367603221527e+00
1.028172278694870e-01 2.064164564358188e+01 3.976172073935279e+00 4.103626120518416e-03 1.225635754518773e+00
1.037042182397019e-01 2.066404034002478e+01 3.969254897930249e+00 4.066821739025841e-03 1.224899091432308e+00
1.045947688513643e-01 2.068633400962141e+01 3.962330966483623e+00 4.030529415111065e-03 1.224157476000158e+00
1.054888761670537e-01 2.070852783268413e+01 3.955400169734685e+00 3.994749917962438e-03 1.223410855878865e+00
1.063865366352215e-01 2.073062290357294e+01 3.948462751364494e+00 3.959407789624104e-03 1.222659392671375e+00
1.072877466902054e-01 2.075262013978051e+01 3.941519137713135e+00 3.924490936370449e-03 1.221903488275063e+00
1.081925027522438e-01 2.077452040569949e+01 3.934570114677800e+00 3.890027511936220e-03 1.221143546093291e+00
1.091008012274894e-01 2.079632448539763e+01 3.927616984710477e+00 3.856014267241924e-03 1.220379841049852e+00
1.100126385080242e-01 2.081803296168744e+01 3.920661040654780e+00 3.822447017318567e-03 1.219612490273796e+00
1.109280109718731e-01 2.083964641561003e+01 3.913702920339286e+00 3.789270935148512e-03 1.218841439123724e+00
1.118469149830187e-01 2.086116547353554e+01 3.906742244604886e+00 3.756519096959124e-03 1.218066617961318e+00
1.127693468914159e-01 2.088259061038565e+01 3.899778889948102e+00 3.724237940176613e-03 1.217288042311780e+00
1.136953030330060e-01 2.090392228987858e+01 3.892813197806387e+00 3.692336484020131e-03 1.216505743844607e+00
1.146247797297314e-01 2.092516121479391e+01 3.885844900801578e+00 3.660792451305522e-03 1.215719786540135e+00
1.155577732895505e-01 2.094630842310794e+01 3.878872914619700e+00 3.629645520935189e-03 1.214930244126647e+00
1.164942800064519e-01 2.096736509712114e+01 3.871896637326373e+00 3.598897251333415e-03 1.214137051695190e+00
1.174342961604693e-01 2.098833225217814e+01 3.864916851069516e+00 3.568475796461239e-03 1.213340025537815e+00
1.183778180176964e-01 2.100921069125703e+01 3.857934744180095e+00 3.538338230262303e-03 1.212538963684711e+00
1.193248418303018e-01 2.103000112133383e+01 3.850951249001297e+00 3.508546455004048e-03 1.211733670891021e+00
1.202753638365434e-01 2.105070434149043e+01 3.843966443628184e+00 3.479118593331546e-03 1.210923935283206e+00
1.212293802607838e-01 2.107132119073134e+01 3.836980174022302e+00 3.450124145582374e-03 1.210109536885848e+00
1.221868873135052e-01 2.109185242426694e+01 3.829992172599264e+00 3.421496439663167e-03 1.209290308319064e+00
1.231478811913247e-01 2.111229842597259e+01 3.823002048628188e+00 3.393236821716228e-03 1.208466169548459e+00
1.241123580770086e-01 2.113265942915165e+01 3.816010078433333e+00 3.365329865352836e-03 1.207637105913737e+00
1.250803141394885e-01 2.115293596135791e+01 3.809017640703861e+00 3.337752274560658e-03 1.206803122337992e+00
1.260517455338758e-01 2.117312872935521e+01 3.802026283186598e+00 3.310414030172835e-03 1.205964291842528e+00
1.270266484014775e-01 2.119323864545449e+01 3.795036144638656e+00 3.283441608974321e-03 1.205120792347431e+00
1.280050188698112e-01 2.121326674357434e+01 3.788046592727522e+00 3.256938560701453e-03 1.204272768937463e+00
1.289868530526207e-01 2.123321404574131e+01 3.781057970888741e+00 3.230793337587080e-03 1.203420213970679e+00
1.299721470498914e-01 2.125308133116014e+01 3.774070386151491e+00 3.204888213404112e-03 1.202563115116188e+00
1.309608969478652e-01 2.127286931657681e+01 3.767083182582380e+00 3.179213388470983e-03 1.201701537737890e+00
1.319530988190574e-01 2.129257896542954e+01 3.760095465217243e+00 3.153759132413354e-03 1.200835517185915e+00
1.329487487222708e-01 2.131221116572350e+01 3.753106658402050e+00 3.128568704240984e-03 1.199965084557937e+00
1.339478427026123e-01 2.133176671937455e+01 3.746116555137101e+00 3.103670273485469e-03 1.199090210894099e+00
1.349503767915082e-01 2.135124665507342e+01 3.739124664447506e+00 3.078997275244909e-03 1.198210743789519e+00
1.359563470067202e-01 2.137065208824568e+01 3.732130340194282e+00 3.054686010424031e-03 1.197326414138378e+00
1.369657493523612e-01 2.138998358999855e+01 3.725133443167286e+00 3.030714495288809e-03 1.196436827463030e+00
1.379785798189108e-01 2.140924103517192e+01 3.718134209464863e+00 3.006888634338004e-03 1.195541668078783e+00
1.389948343832318e-01 2.142842413218499e+01 3.711132506496002e+00 2.983236887587691e-03 1.194640997997486e+00
1.400145090085857e-01 2.144753300138879e+01 3.704128238443423e+00 2.959908395388486e-03 1.193735101607932e+00
1.410375996446491e-01 2.146656805228176e+01 3.697121723682412e+00 2.936852124560200e-03 1.192824203460672e+00
1.420641022275294e-01 2.148552973326434e+01 3.690113331106414e+00 2.914112392728161e-03 1.191908370531993e+00
1.430940126797814e-01 2.150441846925823e+01 3.683103999762462e+00 2.891587708785648e-03 1.190987647692147e+00
1.441273269104231e-01 2.152323468554742e+01 3.676094241033870e+00 2.869202532959800e-03 1.190062178450130e+00
1.451640408149519e-01 2.154197901890095e+01 3.669083749118143e+00 2.847059029634203e-03 1.189132234354995e+00
1.462041502753618e-01 2.156065218542541e+01 3.662073221354360e+00 2.825107159650857e-03 1.188198167089049e+00
1.472476511601583e-01 2.157925488313748e+01 3.655063705575189e+00 2.803385835029312e-03 1.187260263515327e+00
1.482945393243760e-01 2.159778771499173e+01 3.648055834684293e+00 2.781906319548865e-03 1.186318552613215e+00
1.493448106095945e-01 2.161625103900741e+01 3.641050331061427e+00 2.760668976375808e-03 1.185372943501192e+00
1.503984608439550e-01 2.163464537853696e+01 3.634048027763716e+00 2.739724524519739e-03 1.184423426825660e+00
1.514554858421772e-01 2.165297157781112e+01 3.627049256711414e+00 2.719042126663998e-03 1.183469956282484e+00
1.525158814055754e-01 2.167123029266311e+01 3.620054866241786e+00 2.698588973686422e-03 1.182512347374899e+00
1.535796433220755e-01 2.168942209105004e+01 3.613065937719060e+00 2.678374060315642e-03 1.181550375722933e+00
1.546467673662316e-01 2.170754788894092e+01 3.606081894015056e+00 2.658341630167735e-03 1.180583906135495e+00
1.557172492992431e-01 2.172560888629627e+01 3.599101509217976e+00 2.638514786665701e-03 1.179612832829962e+00
1.567910848689711e-01 2.174360609132407e+01 3.592123981074472e+00 2.618907471057753e-03 1.178637024625808e+00
1.578682698099554e-01 2.176154017392976e+01 3.585148661718690e+00 2.599514300036067e-03 1.177656271870452e+00
1.589487998434316e-01 2.177941143833988e+01 3.578175235927247e+00 2.580407972475407e-03 1.176670231787382e+00
1.600326706773481e-01 2.179721973133649e+01 3.571203908340600e+00 2.561488910594832e-03 1.175678565434373e+00
1.611198780063829e-01 2.181496490300226e+01 3.564234976581408e+00 2.542760460909881e-03 1.174681183721411e+00
1.622104175119610e-01 2.183264723707007e+01 3.557268773196724e+00 2.524224431720551e-03 1.173678120624002e+00
1.633042848622714e-01 2.185026729987336e+01 3.550305258441568e+00 2.505843055188111e-03 1.172669408108399e+00
1.644014757122844e-01 2.186782578311927e+01 3.543344158015466e+00 2.487621096597156e-03 1.171655067381512e+00
1.655019857037684e-01 2.188532369243546e+01 3.536384461772036e+00 2.469536298258263e-03 1.170635123687957e+00
1.666058104653082e-01 2.190276202176484e+01 3.529424552765551e+00 2.451636302431700e-03 1.169609621583741e+00
1.677129456123213e-01 2.192014145140087e+01 3.522463699569963e+00 2.433878391931773e-03 1.168578744501664e+00
1.688233867470759e-01 2.193746261279811e+01 3.515502866268603e+00 2.416309994408667e-03 1.167542900984073e+00
1.699371294587083e-01 2.195472600339874e+01 3.508543900854551e+00 2.399004883378753e-03 1.166502534025509e+00
1.710541693232404e-01 2.197193198820606e+01 3.501588591948956e+00 2.381860279616469e-03 1.165457929944334e+00
1.721745019035971e-01 2.198908094619676e+01 3.494638653803309e+00 2.364841667779983e-03 1.164409310020644e+00
1.732981227496241e-01 2.200617350784890e+01 3.487694947894559e+00 2.348079503502368e-03 1.163356868111000e+00
1.744250273981057e-01 2.202321053762156e+01 3.480757547111640e+00 2.331566071995695e-03 1.162300655593605e+00
1.755552113727823e-01 2.204019268808639e+01 3.473825626132138e+00 2.315195235584274e-03 1.161240583502916e+00
1.766886701843681e-01 2.205712035712501e+01 3.466897704156345e+00 2.298993790658689e-03 1.160176460889064e+00
1.778253993305691e-01 2.207399388487987e+01 3.459972322328044e+00 2.282950389747178e-03 1.159107915734069e+00
1.789653942961013e-01 2.209081345343073e+01 3.453048479449771e+00 2.267018101456208e-03 1.158034451507167e+00
1.801086505527079e-01 2.210757907337367e+01 3.446125718751717e+00 2.251235482336875e-03 1.156955445053756e+00
1.812551635591777e-01 2.212429103259946e+01 3.439203879603835e+00 2.235640181524277e-03 1.155870196109905e+00
1.824049287613636e-01 2.214094985720383e+01 3.432282791885086e+00 2.220222564323575e-03 1.154778070760005e+00
1.835579415921998e-01 2.215755605662882e+01 3.425361851565002e+00 2.204941913823662e-03 1.153678668299154e+00
1.847141974717204e-01 2.217411003975785e+01 3.418440706096280e+00 2.189821840403741e-03 1.152571925200236e+00
1.858736918070775e-01 2.219061210150860e+01 3.411519088121775e+00 2.174811173917535e-03 1.151458037579617e+00
1.870364199925597e-01 2.220706266561825e+01 3.404596930520778e+00 2.159900009197023e-03 1.150337313708284e+00
1.882023774096101e-01 2.222346221014741e+01 3.397674809095578e+00 2.145118545513706e-03 1.149210102941468e+00
1.893715594268448e-01 2.223981119015910e+01 3.390753597215021e+00 2.130506316003762e-03 1.148076806333532e+00
1.905439614000709e-01 2.225610992966347e+01 3.383833599828101e+00 2.115997542517744e-03 1.146937809855444e+00
1.917195786723058e-01 2.227235859215124e+01 3.376915486862294e+00 2.101577172526640e-03 1.145793385417490e+00
1.928984065737949e-01 2.228855721586935e+01 3.370000394662328e+00 2.087309014520202e-03 1.144643672576582e+00
1.940804404220302e-01 2.230470592708989e+01 3.363088971801758e+00 2.073195003046526e-03 1.143488729538865e+00
1.952656755217695e-01 2.232080520304415e+01 3.356181458299931e+00 2.059196082309444e-03 1.142328715675669e+00
1.964541071650546e-01 2.233685582505971e+01 3.349278003317896e+00 2.045276453179016e-03 1.141163954135951e+00
1.976457306312300e-01 2.235285856361601e+01 3.342378845125628e+00 2.031486828680117e-03 1.139994720010023e+00
1.988405411869618e-01 2.236881383463611e+01 3.335484235099789e+00 2.017830526619837e-03 1.138821045306462e+00
2.000385340862563e-01 2.238472199098866e+01 3.328594566341437e+00 2.004280883688718e-03 1.137642856596884e+00
2.012397045704789e-01 2.240058333282799e+01 3.321710908799642e+00 1.990860550308828e-03 1.136460014722797e+00
2.024440478683736e-01 2.241639815270185e+01 3.314834277053199e+00 1.977616487395002e-03 1.135272284607052e+00
2.036515591960808e-01 2.243216705666619e+01 3.307964524975776e+00 1.964519426592053e-03 1.134079400543365e+00
2.048622337571573e-01 2.244789079858704e+01 3.301101204740742e+00 1.951566896476381e-03 1.132881027274228e+00
2.060760667425949e-01 2.246356997554807e+01 3.294244017171662e+00 1.938711448695170e-03 1.131676827748007e+00
2.072930533308397e-01 2.247920507586118e+01 3.287391779001532e+00 1.925950958760827e-03 1.130466480337978e+00
2.085131886878110e-01 2.249479645794636e+01 3.280542027122041e+00 1.913298159154041e-03 1.129249778236835e+00
2.097364679669207e-01 2.251034437350544e+01 3.273692336939959e+00 1.900785383245983e-03 1.128026680752120e+00
2.109628863090924e-01 2.252584913476544e+01 3.266841387383425e+00 1.888374665784918e-03 1.126797326674444e+00
2.121924388427812e-01 2.254131085792500e+01 3.259988629841816e+00 1.876060804307353e-03 1.125562002438331e+00
2.134251206839920e-01 2.255672948904877e+01 3.253132979928736e+00 1.863839340088029e-03 1.124321242044346e+00
2.146609269363000e-01 2.257210512206516e+01 3.246273535331123e+00 1.851793446902674e-03 1.123075693726886e+00
2.158998526908696e-01 2.258743817843657e+01 3.239410751612212e+00 1.839849908275442e-03 1.121825715908148e+00
2.171418930264742e-01 2.260272909945130e+01 3.232545224461231e+00 1.827957467705964e-03 1.120571417932762e+00
2.183870430095151e-01 2.261797798048529e+01 3.225677131580981e+00 1.816120549762309e-03 1.119312840721901e+00
2.196352976940419e-01 2.263318494657356e+01 3.218806541746362e+00 1.804383762838411e-03 1.118050065635335e+00
2.208866521217717e-01 2.264835037322264e+01 3.211934442507880e+00 1.792772308564481e-03 1.116783257114137e+00
2.221411013221088e-01 2.266347479537554e+01 3.205062959840661e+00 1.781284389077892e-03 1.115512473689656e+00
2.233986403121647e-01 2.267855873809827e+01 3.198193957679785e+00 1.769909927319869e-03 1.114237601701504e+00
2.246592640967775e-01 2.269360261059502e+01 3.191329382609915e+00 1.758689028419984e-03 1.112958422368016e+00
2.259229676685320e-01 2.270860677218119e+01 3.184470345510460e+00 1.747539365412870e-03 1.111674828355070e+00
2.271897460077800e-01 2.272357154086269e+01 3.177617186914616e+00 1.736394775614661e-03 1.110386746481190e+00
2.284595940826589e-01 2.273849706800432e+01 3.170770595785708e+00 1.725280828020205e-03 1.109093893195745e+00
2.297325068491136e-01 2.275338357985177e+01 3.163930245463127e+00 1.714287571155979e-03 1.107796089344922e+00
2.310084792509147e-01 2.276823140668797e+01 3.157096001632011e+00 1.703430672600945e-03 1.106493368832003e+00
2.322875062196800e-01 2.278304044564968e+01 3.150268250891666e+00 1.692683824005746e-03 1.105185693679311e+00
2.335695826748936e-01 2.279781048021770e+01 3.143446492400060e+00 1.682037043952853e-03 1.103872771846538e+00
2.348547035239266e-01 2.281254165552058e+01 3.136629400142041e+00 1.671489491796569e-03 1.102554191640476e+00
2.361428636620574e-01 2.282723441893275e+01 3.129815493602668e+00 1.660980977504193e-03 1.101229640873906e+00
2.374340579724918e-01 2.284188909865428e+01 3.123004186769974e+00 1.650547563241842e-03 1.099899051636462e+00
2.387282813263832e-01 2.285650593989398e+01 3.116195878975209e+00 1.640255941983702e-03 1.098562397505140e+00
2.400255285828533e-01 2.287108542435590e+01 3.109392240245272e+00 1.630063592496133e-03 1.097219502992450e+00
2.413257945890120e-01 2.288562823673145e+01 3.102595012845777e+00 1.619956391375119e-03 1.095870199620287e+00
2.426290741799787e-01 2.290013519733540e+01 3.095804508355718e+00 1.609951577601685e-03 1.094514411561231e+00
2.439353621789020e-01 2.291460704794247e+01 3.089020020064596e+00 1.600036214082941e-03 1.093151984304652e+00
2.452446533969805e-01 2.292904421174618e+01 3.082240235877598e+00 1.590203300869122e-03 1.091782476084014e+00
2.465569426334837e-01 2.294344638745129e+01 3.075464732466262e+00 1.580432835195563e-03 1.090405281487136e+00
2.478722246757725e-01 2.295781315075202e+01 3.068693999720134e+00 1.570697919636882e-03 1.089020055562359e+00
2.491904942993197e-01 2.297214472858415e+01 3.061927007180622e+00 1.561033626446738e-03 1.087626682812962e+00
2.505117462677310e-01 2.298644166056100e+01 3.055162215944287e+00 1.551472260081194e-03 1.086225171824530e+00
2.518359753327656e-01 2.300070415563846e+01 3.048398895270488e+00 1.541984427396522e-03 1.084815694016256e+00
2.531631762343574e-01 2.301493212244387e+01 3.041636770007692e+00 1.532532972134065e-03 1.083398510316327e+00
2.544933437006351e-01 2.302912551128535e+01 3.034875526390548e+00 1.523134239704681e-03 1.081973903392908e+00
2.558264724479445e-01 2.304328398190848e+01 3.028115136622589e+00 1.513832753002033e-03 1.080542209432020e+00
2.571625571808682e-01 2.305740686041250e+01 3.021356438392867e+00 1.504641181733098e-03 1.079103763669313e+00
2.585015925922470e-01 2.307149368606759e+01 3.014600691278960e+00 1.495539322263946e-03 1.077658757725605e+00
2.598435733632014e-01 2.308554436633651e+01 3.007848703485179e+00 1.486454951377385e-03 1.076207462444925e+00
2.611884941631522e-01 2.309955922008087e+01 3.001100710867895e+00 1.477391525447619e-03 1.074750336002145e+00
2.625363496498421e-01 2.311353868163404e+01 2.994355206997112e+00 1.468350020944972e-03 1.073287934581382e+00
2.638871344693565e-01 2.312748320419476e+01 2.987610971893090e+00 1.459382294221994e-03 1.071820941965350e+00
2.652408432561453e-01 2.314139339141128e+01 2.980868591243611e+00 1.450563388347121e-03 1.070350029771395e+00
2.665974706330435e-01 2.315526972787011e+01 2.974129002920979e+00 1.441844451141115e-03 1.068875607790697e+00
2.679570112112932e-01 2.316911264373006e+01 2.967392469519463e+00 1.433204290967344e-03 1.067397883618593e+00
2.693194595905647e-01 2.318292269541191e+01 2.960658519148272e+00 1.424736271171766e-03 1.065916882175941e+00
2.706848103589782e-01 2.319670063426384e+01 2.953926667751566e+00 1.416380925436721e-03 1.064432368315951e+00
2.720530580931247e-01 2.321044720321226e+01 2.947197065181299e+00 1.408025487389176e-03 1.062943855958565e+00
2.734241973580884e-01 2.322416285901301e+01 2.940470937000926e+00 1.399693700140129e-03 1.061450511080323e+00
2.747982227074676e-01 2.323784768301958e+01 2.933750512900612e+00 1.391425775275432e-03 1.059951423916883e+00
2.761751286833963e-01 2.325150144431763e+01 2.927037832671439e+00 1.383214635982001e-03 1.058445797772223e+00
2.775549098165668e-01 2.326512388257180e+01 2.920333341344347e+00 1.375020706707445e-03 1.056933023137530e+00
2.789375606262504e-01 2.327871462879511e+01 2.913636534480787e+00 1.366847937543716e-03 1.055412767642427e+00
2.803230756203194e-01 2.329227315643782e+01 2.906945609422990e+00 1.358693871317130e-03 1.053884955171748e+00
2.817114492952696e-01 2.330579902658803e+01 2.900258002666919e+00 1.350586981950790e-03 1.052349705950285e+00
2.831026761362408e-01 2.331929241652956e+01 2.893571414070336e+00 1.342584403892431e-03 1.050807385069495e+00
2.844967506170405e-01 2.333275443399412e+01 2.886883468160562e+00 1.334693283395001e-03 1.049258383907371e+00
2.858936672001641e-01 2.334618665523495e+01 2.880192231256117e+00 1.326807163310193e-03 1.047702929064814e+00
2.872934203368180e-01 2.335959065423581e+01 2.873496831487154e+00 1.318963514878193e-03 1.046141078863477e+00
2.886960044669414e-01 2.337296766568833e+01 2.866796275769413e+00 1.311192256304349e-03 1.044572854173441e+00
2.901014140192282e-01 2.338631820407688e+01 2.860089758157186e+00 1.303502595127442e-03 1.042998547079105e+00
2.915096434111492e-01 2.339964225145924e+01 2.853377785931553e+00 1.295894154391904e-03 1.041418825266001e+00
2.929206870489742e-01 2.341293993694077e+01 2.846661067629998e+00 1.288296859050573e-03 1.039834407731707e+00
2.943345393277947e-01 2.342621153140865e+01 2.839940501846736e+00 1.280755520499695e-03 1.038245480194602e+00
2.957511946315455e-01 2.343945731674906e+01 2.833217322733977e+00 1.273308132211045e-03 1.036651607519868e+00
2.971706473330273e-01 2.345267748687061e+01 2.826492064126772e+00 1.265922657781569e-03 1.035052089125797e+00
2.985928917939293e-01 2.346587183281742e+01 2.819765424302490e+00 1.258570015346837e-03 1.033446378886274e+00
3.000179223648510e-01 2.347904041006826e+01 2.813037853199330e+00 1.251260500842065e-03 1.031834220256419e+00
3.014457333853252e-01 2.349218354851232e+01 2.806308281344659e+00 1.244029207733373e-03 1.030215414181236e+00
3.028763191838404e-01 2.350530102130167e+01 2.799576797207833e+00 1.236883904473101e-03 1.028589650419703e+00
3.043096740778629e-01 2.351839229454220e+01 2.792843769631263e+00 1.229735877789356e-03 1.026956607531844e+00
3.057457923738598e-01 2.353145698933036e+01 2.786109260233973e+00 1.222538270096592e-03 1.025316117715715e+00
3.071846683673216e-01 2.354449513040498e+01 2.779374519938055e+00 1.215395855300328e-03 1.023668237538468e+00
3.086262963427846e-01 2.355750732143660e+01 2.772640862274442e+00 1.208368720081666e-03 1.022013267367354e+00
3.100706705738538e-01 2.357049424011206e+01 2.765907943649755e+00 1.201410122111830e-03 1.020351661202828e+00
3.115177853232258e-01 2.358345597121071e+01 2.759174713354694e+00 1.194499555866063e-03 1.018683745517317e+00
3.129676348427110e-01 2.359639210600654e+01 2.752439663116089e+00 1.187604334283677e-03 1.017009552411777e+00
3.144202133732570e-01 2.360930208185075e+01 2.745702068642208e+00 1.180791957365000e-03 1.015328806420074e+00
3.158755151449715e-01 2.362218536764748e+01 2.738962620622410e+00 1.174039931620133e-03 1.013641038436672e+00
3.173335343771446e-01 2.363504161575146e+01 2.732222267895255e+00 1.167319606896902e-03 1.011945854328273e+00
3.187942652782727e-01 2.364787045837508e+01 2.725482395381809e+00 1.160663942331685e-03 1.010243245192791e+00
3.202577020460805e-01 2.366067152553019e+01 2.718743806489344e+00 1.154045224103232e-03 1.008533668042253e+00
3.217238388675447e-01 2.367344431916844e+01 2.712006621637655e+00 1.147420042345428e-03 1.006817959226864e+00
3.231926699189172e-01 2.368618845946495e+01 2.705271757054815e+00 1.140771543851838e-03 1.005097098891117e+00
3.246641893657474e-01 2.369890410491875e+01 2.698540447267761e+00 1.134136291008788e-03 1.003371884867097e+00
3.261383913629063e-01 2.371159123242783e+01 2.691813489145758e+00 1.127567396752398e-03 1.001642976113063e+00
3.276152700546094e-01 2.372424970749871e+01 2.685090138831367e+00 1.121029033963735e-03 9.999109570448782e-01
3.290948195744399e-01 2.373687953770747e+01 2.678369318481486e+00 1.114497288052033e-03 9.981762355409901e-01
3.305770340453716e-01 2.374948085260225e+01 2.671650285002216e+00 1.108023634289945e-03 9.964389268353565e-01
3.320619075797931e-01 2.376205376604047e+01 2.664933752294106e+00 1.101616727561097e-03 9.946990967305858e-01
3.335494342795307e-01 2.377459830436624e+01 2.658221248423414e+00 1.095309545774253e-03 9.929569516062051e-01
3.350396082358715e-01 2.378711464557802e+01 2.651513372177941e+00 1.089073845389085e-03 9.912126005683347e-01
3.365324235295878e-01 2.379960303752570e+01 2.644808954455430e+00 1.082898403250169e-03 9.894658439789715e-01
3.380278742309595e-01 2.381206381242641e+01 2.638106237517020e+00 1.076766458042366e-03 9.877162333306666e-01
3.395259543997986e-01 2.382449725126984e+01 2.631404821875465e+00 1.070616541212515e-03 9.859633419712091e-01
3.410266580854723e-01 2.383690371601586e+01 2.624705264328243e+00 1.064482930423371e-03 9.842067613458013e-01
3.425299793269265e-01 2.384928339432972e+01 2.618007862633247e+00 1.058399015583196e-03 9.824462153964136e-01
3.440359121527102e-01 2.386163608691042e+01 2.611313209255688e+00 1.052377767488787e-03 9.806815307317807e-01
3.455444505809984e-01 2.387396185650381e+01 2.604622741742478e+00 1.046429368207345e-03 9.789126431020192e-01
3.470555886196161e-01 2.388626093025119e+01 2.597937883793236e+00 1.040499807226772e-03 9.771396349692366e-01
3.485693202660624e-01 2.389853335411295e+01 2.591259053119706e+00 1.034569138006881e-03 9.753627650788212e-01
3.500856395075340e-01 2.391077906375643e+01 2.584585988133464e+00 1.028711866998416e-03 9.735824028792156e-01
3.516045403209496e-01 2.392299823113814e+01 2.577918177238467e+00 1.022921093104601e-03 9.717989477230361e-01
3.531260166729731e-01 2.393519109740562e+01 2.571255555218497e+00 1.017192394461780e-03 9.700128500807471e-01
3.546500625200377e-01 2.394735780439090e+01 2.564599309770697e+00 1.011506994114370e-03 9.682244902452013e-01
3.561766718083708e-01 2.395949849000587e+01 2.557950837228768e+00 1.005849373034037e-03 9.664340404086933e-01
3.577058384740168e-01 2.397161352033823e+01 2.551309223681110e+00 1.000226976279626e-03 9.646415841543050e-01
3.592375564428619e-01 2.398370365275133e+01 2.544671447127184e+00 9.946461510366034e-04 9.628471912803552e-01
3.607718196306582e-01 2.399576958677773e+01 2.538034974005086e+00 9.890918027054513e-04 9.610507445856558e-01
3.623086219430476e-01 2.400781176891659e+01 2.531399525000697e+00 9.835539890626131e-04 9.592520220210820e-01
3.638479572755863e-01 2.401983051086163e+01 2.524766382915498e+00 9.780713277882771e-04 9.574508593005920e-01
3.653898195137687e-01 2.403182646175384e+01 2.518137039980520e+00 9.726293476414369e-04 9.556468985845757e-01
3.669342025330522e-01 2.404380027778091e+01 2.511513317942860e+00 9.671980729881163e-04 9.538396173422145e-01
3.684811001988810e-01 2.405575236681042e+01 2.504896229862667e+00 9.618248298243834e-04 9.520287755460818e-01
3.700305063667109e-01 2.406768260563314e+01 2.498285832477962e+00 9.564930293873535e-04 9.502145788303465e-01
3.715824148820330e-01 2.407959035728918e+01 2.491682425726149e+00 9.511921466569582e-04 9.483974087884548e-01
3.731368195803992e-01 2.409147491489496e+01 2.485087323478361e+00 9.458932541179728e-04 9.465775179167889e-01
3.746937142874459e-01 2.410333554417046e+01 2.478500879169509e+00 9.406006398836565e-04 9.447552528753407e-01
3.762530928189188e-01 2.411517199818524e+01 2.471922342592803e+00 9.353917748500418e-04 9.429310493637397e-01
3.778149489806975e-01 2.412698475355624e+01 2.465350608623832e+00 9.302033462818690e-04 9.411052885546147e-01
3.793792765688195e-01 2.413877453466076e+01 2.458784675655017e+00 9.250299524609009e-04 9.392781929923644e-01
3.809460693695063e-01 2.415054211565181e+01 2.452224058927149e+00 9.199179460675466e-04 9.374497368666621e-01
3.825153211591863e-01 2.416228815196752e+01 2.445669053089876e+00 9.148304591850768e-04 9.356196397200712e-01
3.840870257045209e-01 2.417401310731192e+01 2.439119736437635e+00 9.097449523857149e-04 9.337877338123974e-01
3.856611767624284e-01 2.418571748674974e+01 2.432575429558224e+00 9.046870355797475e-04 9.319540357085924e-01
3.872377680801093e-01 2.419740163528610e+01 2.426034579396867e+00 8.997187983325000e-04 9.301187060275424e-01
3.888167933950711e-01 2.420906527902953e+01 2.419497367826052e+00 8.947836908468770e-04 9.282819445730860e-01
3.903982464351528e-01 2.422070780330974e+01 2.412965046783502e+00 8.898530261710518e-04 9.264438505361186e-01
3.919821209185499e-01 2.423232898103017e+01 2.406437272478284e+00 8.849721799537506e-04 9.246042984689692e-01
3.935684105538401e-01 2.424392901570235e+01 2.399914813264393e+00 8.801546086159033e-04 9.227627255633029e-01
3.951571090400071e-01 2.425550852538681e+01 2.393397926246867e+00 8.753507920374749e-04 9.209184708588738e-01
3.967482100664665e-01 2.426706862966921e+01 2.386885276709466e+00 8.705453203070993e-04 9.190710470092330e-01
3.983417073130908e-01 2.427860985409799e+01 2.380376557683483e+00 8.658232803967188e-04 9.172202220214428e-01
3.999375944502339e-01 2.429013167256855e+01 2.373871443884261e+00 8.611716487161192e-04 9.153660310515269e-01
4.015358651387568e-01 2.430163306243159e+01 2.367369734964037e+00 8.565236567018037e-04 9.135084881638037e-01
4.031365130300527e-01 2.431311315980746e+01 2.360871706997089e+00 8.518610321538131e-04 9.116476460978411e-01
4.047395317660720e-01 2.432457188966874e+01 2.354378207516121e+00 8.471987990021897e-04 9.097836363304128e-01
4.063449149793479e-01 2.433600973574548e+01 2.347890166429571e+00 8.425226903001824e-04 9.079164478761631e-01
4.079526562930214e-01 2.434742693955987e+01 2.341408266352738e+00 8.378689794981838e-04 9.060458481500635e-01
4.095627493208663e-01 2.435882329776467e+01 2.334931802174263e+00 8.332483361151164e-04 9.041716285360235e-01
4.111751876673159e-01 2.437019898699963e+01 2.328459193912102e+00 8.286589098136893e-04 9.022937503250480e-01
4.127899649274865e-01 2.438155448279666e+01 2.321989355561228e+00 8.241184964839741e-04 9.004122609461236e-01
4.144070746872046e-01 2.439289012821340e+01 2.315523019565674e+00 8.195882406285233e-04 8.985270531419328e-01
4.160265105230311e-01 2.440420601053073e+01 2.309060931186649e+00 8.150822670239654e-04 8.966379744250835e-01
4.176482660022877e-01 2.441550179294266e+01 2.302601978804373e+00 8.106337594443738e-04 8.947449512104878e-01
4.192723346830818e-01 2.442677660532555e+01 2.296145821549388e+00 8.061939459795410e-04 8.928479427240623e-01
4.208987101143324e-01 2.443802954132549e+01 2.289694173476071e+00 8.017412464487324e-04 8.909470901986426e-01
4.225273858357959e-01 2.444926035334477e+01 2.283247482505403e+00 7.973236309333259e-04 8.890427069403747e-01
4.241583553780913e-01 2.446046947792519e+01 2.276802962668803e+00 7.929827171850577e-04 8.871350849921755e-01
4.257916122627263e-01 2.447165760964273e+01 2.270357501674267e+00 7.886976883848143e-04 8.852245488320992e-01
4.274271500021228e-01 2.448282520127617e+01 2.263909684836049e+00 7.844337297893522e-04 8.833115119440115e-01
4.290649620996428e-01 2.449397236189606e+01 2.257459828235540e+00 7.801995234441952e-04 8.813962739285358e-01
4.307050420496141e-01 2.450509876361512e+01 2.251008262343441e+00 7.759638164807754e-04 8.794790715999348e-01
4.323473833373565e-01 2.451620393084325e+01 2.244554372272431e+00 7.717140040839241e-04 8.775602380748997e-01
4.339919794392066e-01 2.452728798202036e+01 2.238097446681317e+00 7.674955228900025e-04 8.756401200184672e-01
4.356388238225455e-01 2.453835160503636e+01 2.231637354598644e+00 7.633239328840110e-04 8.737189210339013e-01
4.372879099458230e-01 2.454939568107040e+01 2.225174103041348e+00 7.592150110051572e-04 8.717967658543566e-01
4.389392312585846e-01 2.456042091337842e+01 2.218708752107106e+00 7.551398823000678e-04 8.698736813137620e-01
4.405927812014971e-01 2.457142789151635e+01 2.212242323451790e+00 7.510578054668025e-04 8.679495328365212e-01
4.422485532063752e-01 2.458241711018343e+01 2.205774758372799e+00 7.469856005991116e-04 8.660241280522047e-01
4.439065406962067e-01 2.459338860638166e+01 2.199307255700485e+00 7.429347476710772e-04 8.640972264604104e-01
4.455667370851794e-01 2.460434215865666e+01 2.192842610531653e+00 7.389218331527625e-04 8.621685902169277e-01
4.472291357787067e-01 2.461527753885358e+01 2.186383525622751e+00 7.349115072271171e-04 8.602380771861330e-01
4.488937301734544e-01 2.462619475298575e+01 2.179932172679222e+00 7.308718114740539e-04 8.583056971053591e-01
4.505605136573663e-01 2.463709435435457e+01 2.173488284804301e+00 7.268364453903183e-04 8.563716767868914e-01
4.522294796096910e-01 2.464797639160076e+01 2.167050336735358e+00 7.228498048232994e-04 8.544363158954549e-01
4.539006214010078e-01 2.465884046087670e+01 2.160617895218195e+00 7.188963103258577e-04 8.524997249585645e-01
4.555739323932534e-01 2.466968614628388e+01 2.154191328000255e+00 7.149653076630528e-04 8.505617650054542e-01
4.572494059397477e-01 2.468051297268596e+01 2.147771126399238e+00 7.110639571908045e-04 8.486222802995329e-01
4.589270353852209e-01 2.469132062178273e+01 2.141357557249921e+00 7.071919414078644e-04 8.466812429713092e-01
4.606068140658395e-01 2.470210871494836e+01 2.134950173897103e+00 7.033415944709678e-04 8.447387907828097e-01
4.622887353092326e-01 2.471287678728097e+01 2.128549330536334e+00 6.995225533660186e-04 8.427950209392373e-01
4.639727924345192e-01 2.472362438865056e+01 2.122156063166106e+00 6.957433153513428e-04 8.408498240219747e-01
4.656589787523338e-01 2.473435116018915e+01 2.115771594635748e+00 6.919580729717271e-04 8.389029046701773e-01
4.673472875648533e-01 2.474505663810465e+01 2.109397085785039e+00 6.881703034986114e-04 8.369541402043198e-01
4.690377121658242e-01 2.475574054108562e+01 2.103032670288879e+00 6.844218526873121e-04 8.350034822131920e-01
4.707302458405883e-01 2.476640297194648e+01 2.096678731864350e+00 6.806818902345630e-04 8.330507202216998e-01
4.724248818661099e-01 2.477704432043019e+01 2.090336495257832e+00 6.769123619188034e-04 8.310957074664617e-01
4.741216135110022e-01 2.478766500981773e+01 2.084006564564550e+00 6.731664544254682e-04 8.291385774320951e-01
4.758204340355547e-01 2.479826548370171e+01 2.077687056017167e+00 6.694465412126513e-04 8.271797508480399e-01
4.775213366917591e-01 2.480884611650120e+01 2.071374919793746e+00 6.657472555817961e-04 8.252196380103073e-01
4.792243147233367e-01 2.481940709816384e+01 2.065069127851547e+00 6.621109310082711e-04 8.232583225296366e-01
4.809293613657651e-01 2.482994895343751e+01 2.058770273463384e+00 6.585186169121335e-04 8.212955937192813e-01
4.826364698463048e-01 2.484047193290852e+01 2.052478585421830e+00 6.549140141255743e-04 8.193312389915429e-01
4.843456333840265e-01 2.485097558255431e+01 2.046192782049950e+00 6.513506995293608e-04 8.173653204746922e-01
4.860568451898378e-01 2.486145931160954e+01 2.039911077788238e+00 6.478122713739238e-04 8.153981081444478e-01
4.877700984665102e-01 2.487192207041100e+01 2.033633732858108e+00 6.442711641167860e-04 8.134297642764008e-01
4.894853864087063e-01 2.488236231112194e+01 2.027362057961702e+00 6.407417263609254e-04 8.114604910516994e-01
4.912027022030064e-01 2.489277899060184e+01 2.021096296148031e+00 6.372233536256823e-04 8.094906604366442e-01
4.929220390279361e-01 2.490317208100675e+01 2.014835776369889e+00 6.337212667683110e-04 8.075205784837101e-01
4.946433900539927e-01 2.491354174224754e+01 2.008579945927427e+00 6.302562586902018e-04 8.055503736119646e-01
4.963667484436732e-01 2.492388746627079e+01 2.002329049243991e+00 6.268237757431276e-04 8.035801142346837e-01
4.980921073515008e-01 2.493420877417149e+01 1.996083479746845e+00 6.234242521290412e-04 8.016101094242968e-01
4.998194599240523e-01 2.494450614015751e+01 1.989842099675637e+00 6.200399681247841e-04 7.996409525839719e-01
5.015487992999853e-01 2.495478036200704e+01 1.983603849757692e+00 6.166868412427461e-04 7.976730929469025e-01
5.032801186100655e-01 2.496503195777222e+01 1.977369649994831e+00 6.133565526360038e-04 7.957065582509940e-01
5.050134109771940e-01 2.497526167143134e+01 1.971141481446714e+00 6.100329027373576e-04 7.937411540630505e-01
5.067486695164345e-01 2.498547037375024e+01 1.964920393389980e+00 6.067340314340397e-04 7.917768297986987e-01
5.084858873350409e-01 2.499565886563400e+01 1.958705268497838e+00 6.034721372424287e-04 7.898139174981164e-01
5.102250575324840e-01 2.500582794096630e+01 1.952494662277899e+00 6.002577464554853e-04 7.878530239596090e-01
5.119661732004803e-01 2.501597872982094e+01 1.946287378414689e+00 5.970651150491639e-04 7.858943913412306e-01
5.137092274230177e-01 2.502611241810740e+01 1.940083632282383e+00 5.938545403635148e-04 7.839375207528619e-01
5.154542132763842e-01 2.503622918594344e+01 1.933884916983702e+00 5.906744625452495e-04 7.819817966700174e-01
5.172011238291951e-01 2.504632831632124e+01 1.927692152771602e+00 5.875024742209311e-04 7.800269973819370e-01
5.189499521424203e-01 2.505640894619247e+01 1.921504955133039e+00 5.843425969943947e-04 7.780730146249933e-01
5.207006912694122e-01 2.506647039567486e+01 1.915322863469173e+00 5.811983865374538e-04 7.761197434195719e-01
5.224533342559328e-01 2.507651263569451e+01 1.909145751241077e+00 5.780744555829485e-04 7.741671860143626e-01
5.242078741401819e-01 2.508653642076799e+01 1.902973706555858e+00 5.749579495488862e-04 7.722153363279601e-01
5.259643039528246e-01 2.509654236609518e+01 1.896806703373010e+00 5.718754532738439e-04 7.702642937131963e-01
5.277226167170186e-01 2.510653032861811e+01 1.890645175597810e+00 5.688023051494742e-04 7.683142442704557e-01
5.294828054484422e-01 2.511649975471089e+01 1.884489758169534e+00 5.657149430498799e-04 7.663652528839411e-01
5.312448631553223e-01 2.512644975917690e+01 1.878340094579461e+00 5.626226172998329e-04 7.644172962289926e-01
5.330087828384616e-01 2.513637945125488e+01 1.872195220888072e+00 5.595458469235502e-04 7.624701014150796e-01
5.347745574912670e-01 2.514628846788559e+01 1.866053572634256e+00 5.564789118881544e-04 7.605230824529692e-01
5.365421800997772e-01 2.515617696045855e+01 1.859915231106089e+00 5.534737737861708e-04 7.585756977840041e-01
5.383116436426898e-01 2.516604499483651e+01 1.853782321355508e+00 5.504850239342970e-04 7.566276136143657e-01
5.400829410913907e-01 2.517589232000437e+01 1.847657141955586e+00 5.475055499822186e-04 7.546785465402119e-01
5.418560654099809e-01 2.518571903397654e+01 1.841540724125163e+00 5.445116706153403e-04 7.527284137066591e-01
5.436310095553045e-01 2.519552561080479e+01 1.835432330069780e+00 5.415095262147718e-04 7.507777044694587e-01
5.454077664769776e-01 2.520531227519937e+01 1.829330469408893e+00 5.385484639339706e-04 7.488272984117391e-01
5.471863291174150e-01 2.521507887027918e+01 1.823233986272887e+00 5.356382021572136e-04 7.468779240571340e-01
5.489666904118593e-01 2.522482515219907e+01 1.817143128629441e+00 5.327395314498732e-04 7.449298355743614e-01
5.507488432884080e-01 2.523455083830870e+01 1.811059640472989e+00 5.298374430486178e-04 7.429829627289539e-01
5.525327806680427e-01 2.524425592847717e+01 1.804984679309078e+00 5.269427294748012e-04 7.410371368191755e-01
5.543184954646565e-01 2.525394041687924e+01 1.798917877643042e+00 5.240644646583166e-04 7.390922008146377e-01
5.561059805850819e-01 2.526360410193985e+01 1.792858227434632e+00 5.212381375003992e-04 7.371480792102653e-01
5.578952289291200e-01 2.527324712056813e+01 1.786804226290609e+00 5.184287568570636e-04 7.352050149471949e-01
5.596862333895676e-01 2.528286962109669e+01 1.780754354656835e+00 5.156090657332131e-04 7.332637571393006e-01
5.614789868522461e-01 2.529247161295484e+01 1.774708305003934e+00 5.128312818299985e-04 7.313252514167088e-01
5.632734821960292e-01 2.530205320688503e+01 1.768667486494527e+00 5.100756316329492e-04 7.293901920012599e-01
5.650697122928725e-01 2.531161456248444e+01 1.762633551418844e+00 5.073225067172277e-04 7.274590199730964e-01
5.668676700078397e-01 2.532115640761542e+01 1.756607283580011e+00 5.046166004758633e-04 7.255320150418338e-01
5.686673481991328e-01 2.533067964632614e+01 1.750588351248887e+00 5.019289562448699e-04 7.236092839418089e-01
5.704687397181196e-01 2.534018497656162e+01 1.744575467215163e+00 4.992378452587593e-04 7.216907424394519e-01
5.722718374093623e-01 2.534967275671718e+01 1.738567887848462e+00 4.965612880853582e-04 7.197759918992005e-01
5.740766341106456e-01 2.535914235267783e+01 1.732565857789194e+00 4.939094459768115e-04 7.178645240820115e-01
5.758831226530061e-01 2.536859238959082e+01 1.726571060898504e+00 4.912493641730003e-04 7.159560572242953e-01
5.776912958607594e-01 2.537802145443955e+01 1.720585621450105e+00 4.885874802357116e-04 7.140504234054372e-01
5.795011465515298e-01 2.538742864333691e+01 1.714609780892834e+00 4.859521840034902e-04 7.121475199151314e-01
5.813126675362781e-01 2.539681368677259e+01 1.708642854507887e+00 4.833325957775686e-04 7.102475748303773e-01
5.831258516193304e-01 2.540617657543732e+01 1.702683566077799e+00 4.807104319618640e-04 7.083512355945626e-01
5.849406915984070e-01 2.541551712348451e+01 1.696730473394048e+00 4.781070751287980e-04 7.064592477157683e-01
5.867571802646501e-01 2.542483490714776e+01 1.690782739896072e+00 4.755212621388372e-04 7.045722101009091e-01
5.885753104026538e-01 2.543412965117444e+01 1.684840067136138e+00 4.729564514406201e-04 7.026905398549095e-01
5.903950747904912e-01 2.544340181221032e+01 1.678902798002261e+00 4.704287428700561e-04 7.008144242460342e-01
5.922164661997447e-01 2.545265245552365e+01 1.672970849016585e+00 4.679113741130537e-04 6.989435648532522e-01
5.940394773955329e-01 2.546188217329359e+01 1.667044351645969e+00 4.653819267497454e-04 6.970772231575992e-01
5.958641011365413e-01 2.547109050304128e+01 1.661123917085464e+00 4.628423875145241e-04 6.952147077890606e-01
5.976903301750496e-01 2.548027692533448e+01 1.655209515327652e+00 4.603170468887439e-04 6.933557839240170e-01
5.995181572569609e-01 2.548944129142323e+01 1.649300759832846e+00 4.578293425884094e-04 6.915006501531381e-01
6.013475751218309e-01 2.549858262491592e+01 1.643398896240144e+00 4.553521334427784e-04 6.896496661285322e-01
6.031785765028961e-01 2.550769975713795e+01 1.637504906035098e+00 4.528707938306345e-04 6.878032842555385e-01
6.050111541271035e-01 2.551679250799961e+01 1.631619001449747e+00 4.504198969297278e-04 6.859619035661702e-01
6.068453007151384e-01 2.552586127101229e+01 1.625741907318366e+00 4.479954848344645e-04 6.841257165823643e-01
6.086810089814543e-01 2.553490646497015e+01 1.619873790085462e+00 4.455691749275747e-04 6.822947777814490e-01
6.105182716343012e-01 2.554392801086531e+01 1.614014103177935e+00 4.431611326297742e-04 6.804692610409842e-01
6.123570813757551e-01 2.555292523408150e+01 1.608162591048049e+00 4.407934858261960e-04 6.786493192337115e-01
6.141974309017463e-01 2.556189712980719e+01 1.602319984681809e+00 4.384394215581996e-04 6.768350683530725e-01
6.160393129020894e-01 2.557084259792821e+01 1.596486679612218e+00 4.360893782366476e-04 6.750266859456771e-01
6.178827200605109e-01 2.557976081357951e+01 1.590662954276030e+00 4.337616886166712e-04 6.732243045273296e-01
6.197276450546800e-01 2.558865132070277e+01 1.584850095783001e+00 4.314644346996605e-04 6.714278709745820e-01
6.215740805562364e-01 2.559751387740223e+01 1.579048687048632e+00 4.291783837873345e-04 6.696370656457895e-01
6.234220192308195e-01 2.560634850928618e+01 1.573257712690726e+00 4.269016564803017e-04 6.678515030819494e-01
6.252714537380984e-01 2.561515585950983e+01 1.567475903287557e+00 4.246242342658507e-04 6.660710438464410e-01
6.271223767318002e-01 2.562393698360877e+01 1.561702506214459e+00 4.223343428692737e-04 6.642958056892035e-01
6.289747808597392e-01 2.563269253216411e+01 1.555937170025126e+00 4.200585783327714e-04 6.625258414959494e-01
6.308286587638470e-01 2.564142242224441e+01 1.550180182817712e+00 4.178172005226998e-04 6.607611560495488e-01
6.326840030802008e-01 2.565012583828522e+01 1.544432168765036e+00 4.155987285048355e-04 6.590017399273532e-01
6.345408064390528e-01 2.565880166318715e+01 1.538693911624844e+00 4.133997172711806e-04 6.572476138367156e-01
6.363990614648597e-01 2.566744899560227e+01 1.532965839788857e+00 4.112071483137895e-04 6.554990770731683e-01
6.382587607763122e-01 2.567606710235816e+01 1.527247213748558e+00 4.090102742655122e-04 6.537567353645425e-01
6.401198969863637e-01 2.568465520426606e+01 1.521536653501119e+00 4.068310726000243e-04 6.520212342890954e-01
6.419824627022604e-01 2.569321287292543e+01 1.515833028450702e+00 4.046434875644267e-04 6.502930174053431e-01
6.438464505255698e-01 2.570173994533578e+01 1.510135823393451e+00 4.024534933975488e-04 6.485724040288838e-01
6.457118530522106e-01 2.571023619726130e+01 1.504444610681423e+00 4.002839221059672e-04 6.468595696947051e-01
6.475786628724826e-01 2.571870161071013e+01 1.498759448845575e+00 3.981542421063104e-04 6.451544378249294e-01
6.494468725710948e-01 2.572713631745253e+01 1.493080520545214e+00 3.960603849144134e-04 6.434567830133667e-01
6.513164747271962e-01 2.573554042889627e+01 1.487408512458773e+00 3.939870946550491e-04 6.417664499483250e-01
6.531874619144046e-01 2.574391421045010e+01 1.481743665337530e+00 3.919296718790719e-04 6.400833262982927e-01
6.550598267008361e-01 2.575225845186109e+01 1.476086498188034e+00 3.898731478729253e-04 6.384070376665008e-01
6.569335616491347e-01 2.576057401305530e+01 1.470439015408723e+00 3.878200147767044e-04 6.367370383337029e-01
6.588086593165022e-01 2.576886109462211e+01 1.464803030055819e+00 3.857825433890422e-04 6.350729622310386e-01
6.606851122547270e-01 2.577711958555318e+01 1.459178691299579e+00 3.837569982645403e-04 6.334146129288641e-01
6.625629130102146e-01 2.578534917214091e+01 1.453566158670220e+00 3.817230828099680e-04 6.317618265992928e-01
6.644420541240164e-01 2.579354965991827e+01 1.447966537084116e+00 3.797010036262963e-04 6.301145547564732e-01
6.663225281318597e-01 2.580172116463136e+01 1.442380120377139e+00 3.776809284505388e-04 6.284727779528352e-01
6.682043275641774e-01 2.580986375581822e+01 1.436806584601152e+00 3.756611473838102e-04 6.268364454943129e-01
6.700874449461376e-01 2.581797720522010e+01 1.431245079953113e+00 3.736590188349656e-04 6.252057540952812e-01
6.719718727976731e-01 2.582606107033911e+01 1.425695099596331e+00 3.716901012518256e-04 6.235810911094083e-01
6.738576036335117e-01 2.583411484026655e+01 1.420157462712345e+00 3.697370561509901e-04 6.219626283272571e-01
6.757446299632051e-01 2.584213769973148e+01 1.414633510861762e+00 3.677789137850328e-04 6.203503193050575e-01
6.776329442911591e-01 2.585012838607580e+01 1.409124575610304e+00 3.658205492709876e-04 6.187441847459273e-01
6.795225391166636e-01 2.585808525172772e+01 1.403631487223503e+00 3.638771643835064e-04 6.171444779556623e-01
6.814134069339219e-01 2.586600735342167e+01 1.398154237812445e+00 3.619351224240537e-04 6.155515098625807e-01
6.833055402320812e-01 2.587389475469417e+01 1.392692151233307e+00 3.600044287355625e-04 6.139655751715912e-01
6.851989314952613e-01 2.588174779898091e+01 1.387244328443947e+00 3.580843975791853e-04 6.123870897807872e-01
6.870935732025858e-01 2.588956676209925e+01 1.381810583921071e+00 3.561741018658542e-04 6.108164056901130e-01
6.889894578282107e-01 2.589735190835664e+01 1.376391403197292e+00 3.543145090748648e-04 6.092535554866705e-01
6.908865778413557e-01 2.590510323717369e+01 1.370987638412750e+00 3.524831090782906e-04 6.076983462628531e-01
6.927849257063324e-01 2.591282015893727e+01 1.365600129797801e+00 3.506574273178283e-04 6.061506405188830e-01
6.946844938825759e-01 2.592050191087225e+01 1.360229424733820e+00 3.488421503897446e-04 6.046105796902369e-01
6.965852748246737e-01 2.592814794931501e+01 1.354876423251796e+00 3.470295881789154e-04 6.030783098795159e-01
6.984872609823960e-01 2.593575809141837e+01 1.349542231427488e+00 3.452416930905276e-04 6.015536813316960e-01
7.003904448007257e-01 2.594333198983204e+01 1.344227955443906e+00 3.434765076734102e-04 6.000364040822630e-01
7.022948187198884e-01 2.595086941622171e+01 1.338934217707900e+00 3.417267502690913e-04 5.985263128513871e-01
7.042003751753825e-01 2.595837098945916e+01 1.333660839313996e+00 3.399789268501275e-04 5.970233454158592e-01
7.061071065980089e-01 2.596583771924006e+01 1.328407915653919e+00 3.382290890084322e-04 5.955275261841760e-01
7.080150054139016e-01 2.597327023980093e+01 1.323176802919011e+00 3.364873064775318e-04 5.940388174124411e-01
7.099240640445574e-01 2.598066850283240e+01 1.317968558005391e+00 3.347619133152112e-04 5.925569571457489e-01
7.118342749068662e-01 2.598803206098939e+01 1.312783245822466e+00 3.330351339797587e-04 5.910816493664390e-01
7.137456304131409e-01 2.599536050214626e+01 1.307619647524460e+00 3.313295160609208e-04 5.896128059716891e-01
7.156581229711476e-01 2.600265336221511e+01 1.302476819773011e+00 3.296409950703128e-04 5.881504308673879e-01
7.175717449841362e-01 2.600991014190498e+01 1.297355030037295e+00 3.279745412407191e-04 5.866945453195722e-01
7.194864888508699e-01 2.601713043978607e+01 1.292255233571573e+00 3.263359582796132e-04 5.852452354200139e-01
7.214023469656556e-01 2.602431372659384e+01 1.287178372532496e+00 3.247050250075308e-04 5.838025597761397e-01
7.233193117183747e-01 2.603145954685570e+01 1.282125556907300e+00 3.230804272288706e-04 5.823664869328953e-01
7.252373754945125e-01 2.603856770909337e+01 1.277098147429247e+00 3.214619898836803e-04 5.809370078655864e-01
7.271565306751886e-01 2.604563832727500e+01 1.272096367384163e+00 3.198481307283297e-04 5.795143662642707e-01
7.290767696371878e-01 2.605267163670248e+01 1.267119100301465e+00 3.182600292572536e-04 5.780990860610222e-01
7.309980847529896e-01 2.605966793451480e+01 1.262165138647815e+00 3.166886043890025e-04 5.766916603968365e-01
7.329204683907991e-01 2.606662745527601e+01 1.257233145511308e+00 3.151130307013087e-04 5.752924121082051e-01
7.348439129145766e-01 2.607355044878532e+01 1.252321821191921e+00 3.135279287461835e-04 5.739014593522584e-01
7.367684106840691e-01 2.608043688164304e+01 1.247430852234155e+00 3.119545020106683e-04 5.725189064310084e-01
7.386939540548392e-01 2.608728639730944e+01 1.242560014113646e+00 3.103959853422337e-04 5.711449790464909e-01
7.406205353782965e-01 2.609409900192021e+01 1.237708341933375e+00 3.088589765952324e-04 5.697799026758217e-01
7.425481470017278e-01 2.610087498974108e+01 1.232875550093138e+00 3.073251525352395e-04 5.684238183718516e-01
7.444767812683272e-01 2.610761461108445e+01 1.228061571222651e+00 3.058067084211350e-04 5.670768768134296e-01
7.464064305172267e-01 2.611431749499784e+01 1.223266249060344e+00 3.043035410997649e-04 5.657393007632612e-01
7.483370870835266e-01 2.612098293769364e+01 1.218488642140056e+00 3.028283493862592e-04 5.644113347304344e-01
7.502687432983259e-01 2.612761064397881e+01 1.213727200159552e+00 3.013937457192027e-04 5.630930126729882e-01
7.522013914887533e-01 2.613420054331583e+01 1.208981979690786e+00 2.999745901327382e-04 5.617840967093284e-01
7.541350239779965e-01 2.614075226015395e+01 1.204254012705396e+00 2.985468059326379e-04 5.604842580158399e-01
7.560696330853338e-01 2.614726498697233e+01 1.199544107805842e+00 2.971048822237670e-04 5.591932939497746e-01
7.580052111261641e-01 2.615373784605099e+01 1.194852828751038e+00 2.956654097704769e-04 5.579112416699475e-01
7.599417504120376e-01 2.616016975857892e+01 1.190181396300818e+00 2.942477391364219e-04 5.566383240384727e-01
7.618792432506862e-01 2.616655966630866e+01 1.185530476058112e+00 2.928394193291811e-04 5.553749077317265e-01
7.638176819460542e-01 2.617290727203086e+01 1.180900057611412e+00 2.914341450781780e-04 5.541214225650561e-01
7.657570587983287e-01 2.617921316123247e+01 1.176290321586384e+00 2.900413275631898e-04 5.528780321968304e-01
7.676973661039701e-01 2.618547832359861e+01 1.171701267396642e+00 2.886689985928190e-04 5.516444620933050e-01
7.696385961557435e-01 2.619170325049752e+01 1.167132864246110e+00 2.873208039820841e-04 5.504202295314390e-01
7.715807412427480e-01 2.619788771472413e+01 1.162585488547090e+00 2.859845865240761e-04 5.492048165532566e-01
7.735237936504485e-01 2.620403118809213e+01 1.158059687944669e+00 2.846509166171591e-04 5.479979407789868e-01
7.754677456607055e-01 2.621013307701735e+01 1.153555645378732e+00 2.833363477287715e-04 5.467998045602430e-01
7.774125895518065e-01 2.621619286654848e+01 1.149073446280839e+00 2.820390495480192e-04 5.456109671113681e-01
7.793583175984958e-01 2.622221016671937e+01 1.144613171604127e+00 2.807382950150459e-04 5.444319269539263e-01
7.813049220720063e-01 2.622818450259585e+01 1.140174789382107e+00 2.794415682172618e-04 5.432628932817517e-01
7.832523952400892e-01 2.623411533225736e+01 1.135758818961723e+00 2.781589651387347e-04 5.421038031554316e-01
7.852007293670450e-01 2.624000234860313e+01 1.131366301835662e+00 2.768709843729147e-04 5.409544642521085e-01
7.871499167137546e-01 2.624584535240014e+01 1.126998563730812e+00 2.756018052816335e-04 5.398147144201658e-01
7.890999495377095e-01 2.625164390816845e+01 1.122657206014109e+00 2.743510197622622e-04 5.386846779065747e-01
7.910508200930431e-01 2.625739769946200e+01 1.118344013853813e+00 2.731111212510899e-04 5.375646953432325e-01
7.930025206305611e-01 2.626310694449608e+01 1.114060390179198e+00 2.718937912025249e-04 5.364549259931825e-01
7.949550433977721e-01 2.626877187904896e+01 1.109807104248217e+00 2.706958585815090e-04 5.353551633155467e-01
7.969083806389190e-01 2.627439222154752e+01 1.105584582034184e+00 2.694934773563011e-04 5.342649453383216e-01
7.988625245950095e-01 2.627996749429109e+01 1.101392688440902e+00 2.682809411725402e-04 5.331837728444716e-01
8.008174675038465e-01 2.628549706986398e+01 1.097230946048938e+00 2.670890341409717e-04 5.321113410267695e-01
8.027732016000597e-01 2.629098033062114e+01 1.093099385929078e+00 2.659233567839056e-04 5.310476466578397e-01
8.047297191151358e-01 2.629641732113187e+01 1.088998614245915e+00 2.647787209664436e-04 5.299929914517618e-01
8.066870122774499e-01 2.630180814286206e+01 1.084929740394153e+00 2.636409214283204e-04 5.289477712918581e-01
8.086450733122957e-01 2.630715263426089e+01 1.080893278217857e+00 2.625182787448952e-04 5.279122407004258e-01
8.106038944419174e-01 2.631245059184968e+01 1.076889773766579e+00 2.614136952680666e-04 5.268864878872028e-01
8.125634678855392e-01 2.631770172979112e+01 1.072920271266065e+00 2.603173065989458e-04 5.258705411017947e-01
8.145237858593977e-01 2.632290572501503e+01 1.068985107221700e+00 2.592193005608275e-04 5.248645307299392e-01
8.164848405767715e-01 2.632806243393056e+01 1.065083843643535e+00 2.581260038918604e-04 5.238686690367670e-01
8.184466242480133e-01 2.633317201168830e+01 1.061215855289938e+00 2.570576476529394e-04 5.228830044466632e-01
8.204091290805796e-01 2.633823473881868e+01 1.057380605124830e+00 2.560057769452333e-04 5.219072530921860e-01
8.223723472790631e-01 2.634325100659377e+01 1.053577441878141e+00 2.549750194531039e-04 5.209409606893838e-01
8.243362710452221e-01 2.634822089692981e+01 1.049806050283289e+00 2.539676921931323e-04 5.199838170174576e-01
8.263008925780129e-01 2.635314391147698e+01 1.046066727765458e+00 2.529739708555348e-04 5.190357859236441e-01
8.282662040736197e-01 2.635801914746889e+01 1.042359750541357e+00 2.519905064582190e-04 5.180970102074508e-01
8.302321977254864e-01 2.636284589275821e+01 1.038684974278385e+00 2.510048245936650e-04 5.171676294608686e-01
8.321988657243471e-01 2.636762409917628e+01 1.035042135968409e+00 2.500238280888196e-04 5.162476626796357e-01
8.341662002582572e-01 2.637235377546749e+01 1.031431101120852e+00 2.490428017367447e-04 5.153370765447861e-01
8.361341935126245e-01 2.637703490180640e+01 1.027851571187238e+00 2.480702965264178e-04 5.144359247570192e-01
8.381028376702406e-01 2.638166731984488e+01 1.024303131261967e+00 2.471040894560167e-04 5.135444618312890e-01
8.400721249113111e-01 2.638625054375103e+01 1.020785004228151e+00 2.461658667465730e-04 5.126631075026228e-01
8.420420474134875e-01 2.639078423146394e+01 1.017296815919543e+00 2.452593068034592e-04 5.117922532522745e-01
8.440125973518978e-01 2.639526790288736e+01 1.013839553706469e+00 2.443693472258766e-04 5.109321829824877e-01
8.459837668991778e-01 2.639970101931711e+01 1.010414346977252e+00 2.434779950199333e-04 5.100831829332586e-01
8.479555482255019e-01 2.640408329624105e+01 1.007021382291063e+00 2.425946845846664e-04 5.092454914028877e-01
8.499279334986147e-01 2.640841445531684e+01 1.003659944541065e+00 2.417248798873553e-04 5.084191051063651e-01
8.519009148838617e-01 2.641269417082728e+01 1.000329874119672e+00 2.408680099366871e-04 5.076037788397519e-01
8.538744845442203e-01 2.641692191881268e+01 9.970321920260956e-01 2.400184303388173e-04 5.067992999291039e-01
8.558486346403316e-01 2.642109731232622e+01 9.937676687408260e-01 2.391713508319359e-04 5.060057345901615e-01
8.578233573305308e-01 2.642522045021035e+01 9.905363177509133e-01 2.383396291473375e-04 5.052234130430012e-01
8.597986447708789e-01 2.642929150376817e+01 9.873381360408313e-01 2.375214817542118e-04 5.044527330073949e-01
8.617744891151933e-01 2.643331060855482e+01 9.841737858570410e-01 2.367197126681890e-04 5.036939313734095e-01
8.637508825150795e-01 2.643727782576282e+01 9.810442336353760e-01 2.359251205959424e-04 5.029471381913645e-01
8.657278171199619e-01 2.644119300404168e+01 9.779494971931079e-01 2.351321608709646e-04 5.022125012128076e-01
8.677052850771154e-01 2.644505592893271e+01 9.748887071677438e-01 2.343588214429935e-04 5.014900437666588e-01
8.696832785316962e-01 2.644886649138046e+01 9.718613082258614e-01 2.336154022669442e-04 5.007795954862994e-01
8.716617896267731e-01 2.645262458068565e+01 9.688682940550406e-01 2.328908531745645e-04 5.000809086117972e-01
8.736408105033586e-01 2.645632996422654e+01 9.659117280631705e-01 2.321645100292691e-04 4.993937677751391e-01
8.756203333004406e-01 2.645998252580510e+01 9.629927071130651e-01 2.314483212289438e-04 4.987179553627635e-01
8.776003501550130e-01 2.646358213787225e+01 9.601107423305214e-01 2.307347154975270e-04 4.980531508779827e-01
8.795808532021073e-01 2.646712838287925e+01 9.572654526861195e-01 2.300364450298521e-04 4.973988999235366e-01
8.815618345748240e-01 2.647062067057208e+01 9.544578554204937e-01 2.293590679242362e-04 4.967547167287098e-01
8.835432864043631e-01 2.647405838984229e+01 9.516891470976516e-01 2.286995333777868e-04 4.961202649500226e-01
8.855252008200563e-01 2.647744104417617e+01 9.489596191718135e-01 2.280419094018559e-04 4.954954269667018e-01
8.875075699493975e-01 2.648076818539302e+01 9.462698284739015e-01 2.273926798199807e-04 4.948802407608727e-01
8.894903859180748e-01 2.648403959687773e+01 9.436205043132821e-01 2.267679400571115e-04 4.942747982112873e-01
8.914736408500011e-01 2.648725536958182e+01 9.410121961266069e-01 2.261578815339926e-04 4.936792039219240e-01
8.934573268673457e-01 2.649041561090370e+01 9.384452738883169e-01 2.255486627455442e-04 4.930935526624151e-01
8.954414360905656e-01 2.649352064296015e+01 9.359195467553284e-01 2.249433442431465e-04 4.925178977360435e-01
8.974259606384366e-01 2.649657101644759e+01 9.334353210721227e-01 2.243522043383080e-04 4.919521768582014e-01
8.994108926280850e-01 2.649956702590479e+01 9.309933530260748e-01 2.237762143785749e-04 4.913963785592721e-01
9.013962241750186e-01 2.650250837741852e+01 9.285938713904394e-01 2.232092847013609e-04 4.908507680098883e-01
9.033819473931580e-01 2.650539461357018e+01 9.262364986310627e-01 2.226382783691485e-04 4.903158007111990e-01
9.053680543948680e-01 2.650822553377826e+01 9.239211128450766e-01 2.220758050885187e-04 4.897918991148399e-01
9.073545372909890e-01 2.651100095392303e+01 9.216481048915142e-01 2.215367280760363e-04 4.892793645644790e-01
9.093413881908684e-01 2.651372059638957e+01 9.194177752463689e-01 2.210025139360300e-04 4.887783617404767e-01
9.113285992023916e-01 2.651638398594005e+01 9.172304950284527e-01 2.204727092398069e-04 4.882888134481366e-01
9.133161624320137e-01 2.651899042544399e+01 9.150875226612468e-01 2.199621170076452e-04 4.878104188750721e-01
9.153040699847909e-01 2.652153940764124e+01 9.129901459841874e-01 2.194630165307802e-04 4.873428106749819e-01
9.172923139644112e-01 2.652403088131708e+01 9.109389570969861e-01 2.189824156997310e-04 4.868856353055396e-01
9.192808864732267e-01 2.652646495191652e+01 9.089345628836523e-01 2.185203026099510e-04 4.864385226040646e-01
9.212697796122845e-01 2.652884147938559e+01 9.069776292748256e-01 2.180674334344138e-04 4.860011271474352e-01
9.232589854813579e-01 2.653116024733499e+01 9.050683589211823e-01 2.176338737717401e-04 4.855732543742704e-01
9.252484961789780e-01 2.653342084117845e+01 9.032069952013758e-01 2.172121929300870e-04 4.851550138335308e-01
9.272383038024652e-01 2.653562252876238e+01 9.013936311959814e-01 2.167920505217707e-04 4.847468372457751e-01
9.292284004479603e-01 2.653776458516944e+01 8.996277145327515e-01 2.163758473627003e-04 4.843492674333931e-01
9.312187782104564e-01 2.653984614225143e+01 8.979082548811738e-01 2.159598779393974e-04 4.839627521544335e-01
9.332094291838294e-01 2.654186627711861e+01 8.962346715124911e-01 2.155475259128590e-04 4.835876299486124e-01
9.352003454608705e-01 2.654382459273042e+01 8.946077549744998e-01 2.151553471446672e-04 4.832242882369631e-01
9.371915191333168e-01 2.654572175575469e+01 8.930287575610333e-01 2.147797360407730e-04 4.828730643256530e-01
9.391829422918828e-01 2.654755902414287e+01 8.914986649877711e-01 2.144230085423607e-04 4.825340976591482e-01
9.411746070262925e-01 2.654933747767994e+01 8.900183315974602e-01 2.140800326517295e-04 4.822074356784640e-01
9.431665054253099e-01 2.655105777033491e+01 8.885878751355275e-01 2.137558663689629e-04 4.818930154457249e-01
9.451586295767709e-01 2.655272006487764e+01 8.872066232418974e-01 2.134412522098565e-04 4.815906383295863e-01
9.471509715676149e-01 2.655432394236421e+01 8.858739649697775e-01 2.131336351048390e-04 4.813000246381093e-01
9.491435234839157e-01 2.655586865903131e+01 8.845899619378189e-01 2.128384865199409e-04 4.810208682654742e-01
9.511362774109136e-01 2.655735381929716e+01 8.833547175635341e-01 2.125539886571747e-04 4.807530123224656e-01
9.531292254330461e-01 2.655877961566007e+01 8.821685521964771e-01 2.122729914591150e-04 4.804964690871635e-01
9.551223596339800e-01 2.656014692771296e+01 8.810316766229964e-01 2.120168936019199e-04 4.802512908947662e-01
9.571156720966423e-01 2.656145675348489e+01 8.799440609703145e-01 2.117763202613411e-04 4.800175311581302e-01
9.591091549032521e-01 2.656270965774973e+01 8.789060199620115e-01 2.115341186746923e-04 4.797952311289808e-01
9.611028001353520e-01 2.656390557372192e+01 8.779180914841418e-01 2.112991706561297e-04 4.795844270411377e-01
9.630965998738391e-01 2.656504370952602e+01 8.769808265261814e-01 2.110739679230792e-04 4.793851924414291e-01
9.650905461989970e-01 2.656612286386379e+01 8.760947607813485e-01 2.108552846424055e-04 4.791975731361198e-01
9.670846311905270e-01 2.656714202336051e+01 8.752602175056075e-01 2.106338191308067e-04 4.790215133274369e-01
9.690788469275795e-01 2.656810069454078e+01 8.744769108440515e-01 2.104198449273063e-04 4.788568534116421e-01
9.710731854887855e-01 2.656899867759580e+01 8.737444109179032e-01 2.102197663133005e-04 4.787033391116758e-01
9.730676389522884e-01 2.656983588823391e+01 8.730626087577378e-01 2.100319351492474e-04 4.785607126498197e-01
9.750621993957750e-01 2.657061214537697e+01 8.724313942497104e-01 2.098641686774118e-04 4.784288114111941e-01
9.770568588965071e-01 2.657132770312021e+01 8.718499171044879e-01 2.097114823178026e-04 4.783075432771079e-01
9.790516095313532e-01 2.657198348213731e+01 8.713168558088695e-01 2.095713846667607e-04 4.781968126104083e-01
9.810464433768195e-01 2.657258042840119e+01 8.708313839703816e-01 2.094461424250445e-04 4.780964887726926e-01
9.830413525090821e-01 2.657311885691572e+01 8.703933568398773e-01 2.093414493227201e-04 4.780064581936215e-01
9.850363290040176e-01 2.657359853757141e+01 8.700033773162628e-01 2.092551631653438e-04 4.779265994927396e-01
9.870313649372355e-01 2.657401921007279e+01 8.696623297378150e-01 2.091807895174789e-04 4.778567093490860e-01
9.890264523841089e-01 2.657438059529775e+01 8.693702036317477e-01 2.091197262530127e-04 4.777965306253131e-01
9.910215834198062e-01 2.657468211124947e+01 8.691265116681324e-01 2.090670273651188e-04 4.777459090541639e-01
9.930167501193228e-01 2.657492308092443e+01 8.689311276059397e-01 2.090227577539662e-04 4.777049170962113e-01
9.950119445575125e-01 2.657510351899504e+01 8.687842011117018e-01 2.089863540511076e-04 4.776737828953987e-01
9.970071588091188e-01 2.657522374892918e+01 8.686862068476380e-01 2.089621253613203e-04 4.776527731434330e-01
9.990023849488067e-01 2.657528387419314e+01 8.686372819496966e-01 2.089531725102728e-04 4.776421567211064e-01
1 2.657528387419314e+01 8.686372819496966e-01 2.089531725102728e-04 4.776421567211064e-01
