0.000000000000000e+00   0.000000000000000e+00  2.491837828471337e-34  2.705400508596466e-01 -0.000000000000000e+00
1.217311652923492e-06   2.428238706568825e-03 7.974159889513418e-07 2.704156544009667e-01 6.103634818028283e-15
6.086537518545931e-06	1.214112258503029e-02	1.991696619622474e-05	2.699208760516627e-01	3.802941497507657e-12
1.704221791976046e-05	3.399478287675957e-02	1.558269243073249e-04	2.688237995178313e-01	2.321251044048485e-10
3.651878945154508e-05	7.284475059135002e-02	7.129407515753984e-04	2.669271183295633e-01	4.834113562422494e-09
6.695054349292739e-05	1.335454677561239e-01	2.382967092407500e-03	2.640943541699537e-01	5.356674623890733e-08
1.107715847206148e-04	2.209494420224581e-01	6.472616889027630e-03	2.602748986537232e-01	3.904510186719539e-07
1.704157896263991e-04	3.399053677350165e-01	1.516294685602355e-02	2.555185838120835e-01	2.106628516994868e-06
2.470994533848581e-04	4.928259862077134e-01	3.147786345062019e-02	2.500511195651945e-01	8.875385937488031e-06
3.408212691252688e-04	6.796796818649098e-01	5.900614429787816e-02	2.441855653964516e-01	3.030444503597947e-05
4.515796396062921e-04	9.004009550669582e-01	1.018791442722833e-01	2.381567648114076e-01	8.723708576402646e-05
5.793726772437280e-04	1.154859055810308e+00	1.646465866376278e-01	2.320785871533527e-01	2.186595302089250e-04
7.241982041420458e-04	1.442807479391860e+00	2.521145516640063e-01	2.259227974285744e-01	4.892380793146917e-04
8.860537521320211e-04	1.763809898431433e+00	3.691064551630951e-01	2.195320408295693e-01	9.960239915109200e-04
1.064936562812813e-03	2.117141328468705e+00	5.201031027528538e-01	2.126777186929101e-01	1.872760334255759e-03
1.260843587598481e-03	2.501669244973740e+00	7.087381067841111e-01	2.051587884402211e-01	3.290566579758723e-03
1.473771487770281e-03	2.915727280936523e+00	9.371760481474316e-01	1.969132708673659e-01	5.454472057778108e-03
1.703716634533836e-03	3.357001883154072e+00	1.205470758163943e+00	1.880971385840376e-01	8.596102800529431e-03
1.950675109080202e-03	3.822456823807064e+00	1.511059098983770e+00	1.790910526230822e-01	1.296354171056805e-02
2.214642702653591e-03	4.308319093210192e+00	1.848556469323009e+00	1.704244581516681e-01	1.880977939847079e-02
2.495614916622313e-03	4.810141593019660e+00	2.209966491985992e+00	1.626432503777041e-01	2.638117514259645e-02
2.793586962555827e-03	5.322944809227831e+00	2.585312839882998e+00	1.561710735286713e-01	3.590701157585523e-02
3.108553762306454e-03	5.841424806965633e+00	2.963586021449665e+00	1.512133568113058e-01	4.759070928436710e-02
3.440509948095416e-03	6.360202535724958e+00	3.333817356252156e+00	1.477307353815417e-01	6.160276189383659e-02
3.789449862605099e-03	6.874082677448912e+00	3.686073667355170e+00	1.454788737004382e-01	7.807512061056845e-02
4.155367559074530e-03	7.378290333385560e+00	4.012208374466681e+00	1.440897572786853e-01	9.709667719557927e-02
4.538256801401630e-03	7.868659977775718e+00	4.306283914095353e+00	1.431623100631531e-01	1.187096396317425e-01
4.938111064248796e-03	8.341761136417077e+00	4.564664803545496e+00	1.423361294824097e-01	1.429068561789132e-01
5.354923533154365e-03	8.794956422565292e+00	4.785844253327646e+00	1.413352303115699e-01	1.696303822796565e-01
5.788687104649082e-03	9.226397385134353e+00	4.970098356487282e+00	1.399818659661384e-01	1.987716926965929e-01
6.239394386376662e-03	9.634970464936931e+00	5.119063200355328e+00	1.381883665042840e-01	2.301738762346937e-01
6.707037697219698e-03	1.002020864558344e+01	5.235311855471352e+00	1.359368937748315e-01	2.636359381531335e-01
7.191609067431326e-03	1.038218446182184e+01	5.321980949912402e+00	1.332558584591833e-01	2.989190540763812e-01
7.693100238770012e-03	1.072139784178753e+01	5.382470055100210e+00	1.301992274707148e-01	3.357543654554794e-01
8.211502664641435e-03	1.103866893892108e+01	5.420217730972288e+00	1.268312378917154e-01	3.738517447523043e-01
8.746807510242927e-03	1.133504248589985e+01	5.438546291832264e+00	1.232167744540959e-01	4.129089019409194e-01
9.299005652715020e-03	1.161170687435653e+01	5.440562489821921e+00	1.194169373538820e-01	4.526202324571403e-01
9.868087681296545e-03	1.186992857883025e+01	5.429102274286675e+00	1.154873774415211e-01	4.926849042943065e-01
1.045404389748472e-02	1.211100102540316e+01	5.406708792093514e+00	1.114770643991257e-01	5.328138364397439e-01
1.105686431520103e-02	1.233620644527957e+01	5.375631546819614e+00	1.074272110569816e-01	5.727353805432862e-01
1.167653866096097e-02	1.254678896728672e+01	5.337834903035166e+00	1.033720874722662e-01	6.121996449609443e-01
1.231305637404945e-02	1.274393698730225e+01	5.295010489422380e+00	9.934161222009370e-02	6.509815026176924e-01
1.296640660670023e-02	1.292877283303747e+01	5.248594810406635e+00	9.536237003321571e-02	6.888823938162864e-01
1.363657822428155e-02	1.310234790930714e+01	5.199790822993190e+00	9.145703424263674e-02	7.257310664851644e-01
1.432355980548528e-02	1.326564170715517e+01	5.149589990963875e+00	8.764522516458470e-02	7.613834116472581e-01
1.502733964252179e-02	1.341956313938889e+01	5.098796945436618e+00	8.394344407281071e-02	7.957215774661732e-01
1.574790574131968e-02	1.356495288728691e+01	5.048055674947130e+00	8.036482813488280e-02	8.286525774554818e-01
1.648524582172972e-02	1.370258576630607e+01	4.997874064220279e+00	7.691934797233543e-02	8.601065647403245e-01
1.723934731773447e-02	1.383317296171819e+01	4.948646026962623e+00	7.361355247329303e-02	8.900348651267855e-01
1.801019737766241e-02	1.395736472143332e+01	4.900670869438843e+00	7.045126762788784e-02	9.184078397992083e-01
1.879778286440703e-02	1.407575422203291e+01	4.854170239875010e+00	6.743376910656346e-02	9.452126741025211e-01
1.960209035565030e-02	1.418888229319534e+01	4.809299468882427e+00	6.456022654481597e-02	9.704512682839045e-01
2.042310614409193e-02	1.429724142931055e+01	4.766155469508385e+00	6.182912774903838e-02	9.941383340649189e-01
2.126081623768261e-02	1.440127843796958e+01	4.724788383292982e+00	5.923771646656763e-02	1.016299599068250e+00
2.211520635986297e-02	1.450139746016183e+01	4.685212720729080e+00	5.678175366675222e-02	1.036970047972602e+00
2.298626194980602e-02	1.459796414439941e+01	4.647414183062238e+00	5.445632962175406e-02	1.056192282578737e+00
2.387396816266618e-02	1.469130865493021e+01	4.611357559689313e+00	5.225602293333197e-02	1.074015064112734e+00
2.477830986983187e-02	1.478172749783811e+01	4.576995378917881e+00	5.017450336852026e-02	1.090492074282209e+00
2.569927165918329e-02	1.486948613189920e+01	4.544269521441150e+00	4.820476578265696e-02	1.105680846032243e+00
2.663683783535509e-02	1.495482222674931e+01	4.513108127808591e+00	4.634106997992062e-02	1.119641830164056e+00
2.759099242000418e-02	1.503794834962503e+01	4.483431313206582e+00	4.457872729909648e-02	1.132437520640660e+00
2.856171915208150e-02	1.511905409890579e+01	4.455163587634418e+00	4.291131918067048e-02	1.144131516186166e+00
2.954900148810957e-02	1.519830848684523e+01	4.428230770627449e+00	4.133236449348685e-02	1.154787656053949e+00
3.055282260246439e-02	1.527586278106747e+01	4.402551342225700e+00	3.983743169609556e-02	1.164469361170198e+00
3.157316538766197e-02	1.535185298183375e+01	4.378041031130588e+00	3.842056699706666e-02	1.173239008911471e+00
3.261001245465012e-02	1.542640105268398e+01	4.354612500011938e+00	3.707724481613953e-02	1.181157305157272e+00
3.366334613310440e-02	1.549961566611785e+01	4.332184415804415e+00	3.580253582003629e-02	1.188282818244879e+00
3.473314847172981e-02	1.557159253125528e+01	4.310686593906333e+00	3.459165724836678e-02	1.194671773516736e+00
3.581940123856664e-02	1.564241455405833e+01	4.290059958352014e+00	3.344069366231790e-02	1.200378008760961e+00
3.692208592130042e-02	1.571215350989238e+01	4.270252238759116e+00	3.234562380010728e-02	1.205452925861658e+00
3.804118372757859e-02	1.578087399920277e+01	4.251206016388466e+00	3.130348015897135e-02	1.209945425860801e+00
3.917667558532989e-02	1.584863622307889e+01	4.232859688320768e+00	3.031143981426557e-02	1.213901762022957e+00
4.032854214308979e-02	1.591549591690747e+01	4.215153439760071e+00	2.936654690034112e-02	1.217365372557965e+00
4.149676377033007e-02	1.598150366674828e+01	4.198035470212041e+00	2.846533976535896e-02	1.220376811504557e+00
4.268132055779350e-02	1.604670387023367e+01	4.181463771074910e+00	2.760466885934866e-02	1.222973835518652e+00
4.388219231783319e-02	1.611113485202543e+01	4.165403858863477e+00	2.678218785181242e-02	1.225191558960549e+00
4.509935858475644e-02	1.617482977638257e+01	4.149824212579622e+00	2.599525619806657e-02	1.227062554382346e+00
4.633279861517381e-02	1.623781715647770e+01	4.134689979392808e+00	2.524190141505298e-02	1.228616985207911e+00
4.758249138835247e-02	1.630012292642602e+01	4.119960903520042e+00	2.452079403326437e-02	1.229882696903318e+00
4.884841560657416e-02	1.636177275449782e+01	4.105596242912016e+00	2.383032757770927e-02	1.230885173170467e+00
5.013054969549879e-02	1.642279078898427e+01	4.091560369892695e+00	2.316880746693446e-02	1.231647622022705e+00
5.142887180453171e-02	1.648319955709460e+01	4.077820441744263e+00	2.253434692585660e-02	1.232191236446204e+00
5.274335980719580e-02	1.654302196084550e+01	4.064346967664197e+00	2.192546855913022e-02	1.232535488694636e+00
5.407399130150936e-02	1.660227853233284e+01	4.051118096451287e+00	2.134049384139992e-02	1.232698373085236e+00
5.542074361036720e-02	1.666098528646238e+01	4.038116063174463e+00	2.077798301910187e-02	1.232696524856014e+00
5.678359378192743e-02	1.671915519496735e+01	4.025322804971513e+00	2.023726162945621e-02	1.232545294057689e+00
5.816251859000254e-02	1.677679988444805e+01	4.012727957321055e+00	1.971768345618741e-02	1.232258779776706e+00
5.955749453445514e-02	1.683393156792725e+01	4.000330416444461e+00	1.921795920226300e-02	1.231849694376565e+00
6.096849784159863e-02	1.689056249625959e+01	3.988123884161969e+00	1.873675854917116e-02	1.231329294450692e+00
6.239550446460240e-02	1.694670335231053e+01	3.976099133424552e+00	1.827320333809141e-02	1.230707742721218e+00
6.383849008390119e-02	1.700236227739138e+01	3.964248990729839e+00	1.782600763328424e-02	1.229994419355064e+00
6.529743010761013e-02	1.705754466425792e+01	3.952554340632895e+00	1.739444632805973e-02	1.229198141799305e+00
6.677229967194354e-02	1.711225524820917e+01	3.940986656950881e+00	1.697837941447049e-02	1.228326942285087e+00
6.826307364163875e-02	1.716650120208371e+01	3.929522412009441e+00	1.657721219065371e-02	1.227387663271499e+00
6.976972661038428e-02	1.722029138225003e+01	3.918145270751578e+00	1.619011684898639e-02	1.226385942532047e+00
7.129223290125331e-02	1.727363363547476e+01	3.906843949231939e+00	1.581631288618809e-02	1.225326539128503e+00
7.283056656714060e-02	1.732653605790402e+01	3.895609288731701e+00	1.545517371126397e-02	1.224213718927735e+00
7.438470139120534e-02	1.737900613492189e+01	3.884433238243894e+00	1.510569947091766e-02	1.223051345263967e+00
7.595461088731725e-02	1.743105044676315e+01	3.873302932708184e+00	1.476785481553644e-02	1.221842888238100e+00
7.754026830050886e-02	1.748267451478438e+01	3.862213814614037e+00	1.444137338700314e-02	1.220591553277502e+00
7.914164660743050e-02	1.753388264230623e+01	3.851170413636407e+00	1.412607659160875e-02	1.219300322503140e+00
8.075871851681160e-02	1.758467964048451e+01	3.840180183194406e+00	1.382118420415824e-02	1.217971960470679e+00
8.239145646992563e-02	1.763507018991292e+01	3.829243403305195e+00	1.352611562221004e-02	1.216608879462463e+00
8.403983264105919e-02	1.768505751064256e+01	3.818352219951233e+00	1.324062560793434e-02	1.215212833572655e+00
8.570381893798718e-02	1.773464480150536e+01	3.807501042473953e+00	1.296403448039429e-02	1.213785094103022e+00
8.738338700245085e-02	1.778383761712668e+01	3.796684363186484e+00	1.269580664185965e-02	1.212326897548369e+00
8.907850821064123e-02	1.783264254403099e+01	3.785890233276707e+00	1.243592555064935e-02	1.210839584325254e+00
9.078915367368723e-02	1.788106696910082e+01	3.775098849087709e+00	1.218400169315937e-02	1.209324540105659e+00
9.251529423814753e-02	1.792911816758241e+01	3.764293296739491e+00	1.193991892736442e-02	1.207783038918736e+00
9.425690048650792e-02	1.797680080949323e+01	3.753474708542978e+00	1.170336769101013e-02	1.206216485287599e+00
9.601394273768227e-02	1.802411617977111e+01	3.742649059509961e+00	1.147356034510523e-02	1.204626681145297e+00
9.778639104751841e-02	1.807106510807320e+01	3.731810388880888e+00	1.125060491389207e-02	1.203015484188036e+00
9.957421520930865e-02	1.811765088988687e+01	3.720955633230894e+00	1.103434830760716e-02	1.201384497232723e+00
1.013773847543044e-01	1.816387797764849e+01	3.710084206738125e+00	1.082435088172108e-02	1.199734815901078e+00
1.031958689522353e-01	1.820975172765536e+01	3.699192570679128e+00	1.062059510875095e-02	1.198066889486658e+00
1.050296368118336e-01	1.825527927355401e+01	3.688284957211474e+00	1.042269258897050e-02	1.196380972854489e+00
1.068786570813612e-01	1.830046643145595e+01	3.677371736399904e+00	1.023031688196314e-02	1.194677351065209e+00
1.087428982491435e-01	1.834531830536153e+01	3.666464357650212e+00	1.004309116006465e-02	1.192955952086971e+00
1.106223285441054e-01	1.838984303607687e+01	3.655561732313255e+00	9.861121997341415e-03	1.191216206449889e+00
1.125169159363132e-01	1.843405275996609e+01	3.644651433757208e+00	9.684044547426772e-03	1.189457296916515e+00
1.144266281375207e-01	1.847796049045700e+01	3.633722115940042e+00	9.512088495498089e-03	1.187678368476857e+00
1.163514326017191e-01	1.852157399498057e+01	3.622778811425995e+00	9.344905450569548e-03	1.185878649356206e+00
1.182912965256916e-01	1.856489521651313e+01	3.611831225426141e+00	9.182020681334932e-03	1.184057691928359e+00
1.202461868495729e-01	1.860792113159336e+01	3.600875410142321e+00	9.022927417958220e-03	1.182215454036296e+00
1.222160702574122e-01	1.865064795135745e+01	3.589890520429508e+00	8.868101680005253e-03	1.180352321114971e+00
1.242009131777411e-01	1.869307481714018e+01	3.578876212761035e+00	8.717190999258618e-03	1.178469227958892e+00
1.262006817841457e-01	1.873520262419369e+01	3.567844405905480e+00	8.569810026809951e-03	1.176567488490376e+00
1.282153419958432e-01	1.877703335366579e+01	3.556796699305825e+00	8.426095258579323e-03	1.174648318935069e+00
1.302448594782628e-01	1.881856830133133e+01	3.545731278706741e+00	8.286030610776580e-03	1.172712597618266e+00
1.322891996436305e-01	1.885981027800230e+01	3.534645726915250e+00	8.149434664141843e-03	1.170760801058157e+00
1.343483276515588e-01	1.890076539542726e+01	3.523537340811127e+00	8.016013077693630e-03	1.168793464251129e+00
1.364222084096405e-01	1.894144019803874e+01	3.512392106315389e+00	7.886052114392059e-03	1.166811651340968e+00
1.385108065740466e-01	1.898184316224303e+01	3.501198477680890e+00	7.759702010514232e-03	1.164816438114754e+00
1.406140865501285e-01	1.902198241167738e+01	3.489964221148829e+00	7.636502297838224e-03	1.162807988417154e+00
1.427320124930254e-01	1.906186043376906e+01	3.478702303210520e+00	7.516319432833938e-03	1.160785152097466e+00
1.448645483082741e-01	1.910147694714582e+01	3.467422125467927e+00	7.398951866780814e-03	1.158745888925959e+00
1.470116576524249e-01	1.914083392146028e+01	3.456125373673334e+00	7.284166498201274e-03	1.156687912891426e+00
1.491733039336606e-01	1.917993539065031e+01	3.444808147003351e+00	7.171731763273884e-03	1.154609271990503e+00
1.513494503124202e-01	1.921878661296309e+01	3.433457794526936e+00	7.061968260621513e-03	1.152508656829046e+00
1.535400597020270e-01	1.925739158376397e+01	3.422070508497001e+00	6.954979528141998e-03	1.150385199375204e+00
1.557450947693203e-01	1.929574964407885e+01	3.410662703191606e+00	6.850407828176155e-03	1.148238392860983e+00
1.579645179352918e-01	1.933385878869738e+01	3.399249032859200e+00	6.747895508263732e-03	1.146068332659236e+00
1.601982913757256e-01	1.937171841630057e+01	3.387827943334186e+00	6.647410547409537e-03	1.143875644610173e+00
1.624463770218439e-01	1.940933071425129e+01	3.376385502827210e+00	6.549102638612109e-03	1.141661055505100e+00
1.647087365609547e-01	1.944670088868092e+01	3.364906194276724e+00	6.452947895742512e-03	1.139425035270904e+00
1.669853314371051e-01	1.948383369812771e+01	3.353382915187213e+00	6.359055467985175e-03	1.137167900853678e+00
1.692761228517385e-01	1.952072928451507e+01	3.341832617672352e+00	6.267316791559129e-03	1.134889595317747e+00
1.715810717643558e-01	1.955738740180287e+01	3.330282732713488e+00	6.177476562833639e-03	1.132589327368019e+00
1.739001388931806e-01	1.959381461698023e+01	3.318743048206649e+00	6.089358411292304e-03	1.130266097404417e+00
1.762332847158286e-01	1.963002151009481e+01	3.307197532171882e+00	6.002879515113200e-03	1.127919523388431e+00
1.785804694699815e-01	1.966601607127474e+01	3.295618182490943e+00	5.918144411942161e-03	1.125549917949403e+00
1.809416531540645e-01	1.970180238801113e+01	3.283987678501894e+00	5.835271832841946e-03	1.123158254786559e+00
1.833167955279277e-01	1.973737986955213e+01	3.272309189114092e+00	5.753970459433050e-03	1.120746378999755e+00
1.857058561135323e-01	1.977275033289268e+01	3.260584670653190e+00	5.674615661774327e-03	1.118316317405416e+00
1.881087941956401e-01	1.980791815852013e+01	3.248820672664040e+00	5.596765616140384e-03	1.115869174653616e+00
1.905255688225079e-01	1.984288467282555e+01	3.237024819096847e+00	5.520194245881929e-03	1.113404598907507e+00
1.929561388065848e-01	1.987765155553111e+01	3.225198024490324e+00	5.445060195997429e-03	1.110921029602827e+00
1.954004627252144e-01	1.991221979829839e+01	3.213346338272993e+00	5.371315475455231e-03	1.108417001668068e+00
1.978584989213410e-01	1.994659227328071e+01	3.201484542834820e+00	5.298879983270785e-03	1.105891817701457e+00
2.003302055042190e-01	1.998077505635938e+01	3.189614632083219e+00	5.227593457807517e-03	1.103345549603213e+00
2.028155403501273e-01	2.001477317991035e+01	3.177724113354519e+00	5.157636433228584e-03	1.100778802375366e+00
2.053144611030869e-01	2.004859146120868e+01	3.165801761965995e+00	5.088946086426196e-03	1.098192338535882e+00
2.078269251755830e-01	2.008223575795371e+01	3.153834522369038e+00	5.021727398535123e-03	1.095586866386022e+00
2.103528897492902e-01	2.011571100542011e+01	3.141818874824813e+00	4.955667146070608e-03	1.092962938012229e+00
2.128923117758034e-01	2.014901644833864e+01	3.129761398519066e+00	4.890938014956653e-03	1.090320559438966e+00
2.154451479773698e-01	2.018214594664692e+01	3.117681143574098e+00	4.827492596683607e-03	1.087659056108547e+00
2.180113548476281e-01	2.021509324501701e+01	3.105595551633752e+00	4.765242051295911e-03	1.084977716468601e+00
2.205908886523488e-01	2.024785544876353e+01	3.093523505755388e+00	4.703943681955068e-03	1.082276316829651e+00
2.231837054301802e-01	2.028043627098246e+01	3.081470168297039e+00	4.643669659496122e-03	1.079555334099968e+00
2.257897609933970e-01	2.031284739987725e+01	3.069409776071186e+00	4.584516165143388e-03	1.076815951614354e+00
2.284090109286542e-01	2.034509914852093e+01	3.057308113182854e+00	4.526397409240562e-03	1.074059275155778e+00
2.310414105977430e-01	2.037719413416691e+01	3.045144051700479e+00	4.469372900237573e-03	1.071285473901569e+00
2.336869151383524e-01	2.040913221564597e+01	3.032932766136474e+00	4.413288262714112e-03	1.068493997444985e+00
2.363454794648333e-01	2.044091414796067e+01	3.020707783610566e+00	4.357944357780429e-03	1.065683884057802e+00
2.390170582689671e-01	2.047254094536498e+01	3.008483425481756e+00	4.303487894509574e-03	1.062854210871416e+00
2.417016060207376e-01	2.050400944793683e+01	2.996259231772834e+00	4.250100236522013e-03	1.060004659271588e+00
2.443990769691072e-01	2.053531851434353e+01	2.984037892483755e+00	4.197269192624319e-03	1.057135098277703e+00
2.471094251427964e-01	2.056646727067686e+01	2.971812681907396e+00	4.145130513892042e-03	1.054245361214496e+00
2.498326043510675e-01	2.059745722066495e+01	2.959574057507374e+00	4.094073344066191e-03	1.051335621171533e+00
2.525685681845112e-01	2.062829252193390e+01	2.947323734037132e+00	4.043911462840116e-03	1.048406660617823e+00
2.553172700158386e-01	2.065897319124109e+01	2.935068482178131e+00	3.994312962958761e-03	1.045458986191129e+00
2.580786630006749e-01	2.068949851692290e+01	2.922808380003091e+00	3.945228993879455e-03	1.042492088220077e+00
2.608527000783580e-01	2.071986786321146e+01	2.910523642867819e+00	3.897051284184166e-03	1.039504949839084e+00
2.636393339727408e-01	2.075008059684154e+01	2.898185235467926e+00	3.849897121299440e-03	1.036497190735120e+00
2.664385171929963e-01	2.078014051357510e+01	2.885782570982287e+00	3.803544372819477e-03	1.033469589291772e+00
2.692502020344277e-01	2.081005256617673e+01	2.873340113350208e+00	3.757822121843206e-03	1.030423435753536e+00
2.720743405792809e-01	2.083982036562013e+01	2.860887575484773e+00	3.712706009754248e-03	1.027359396040865e+00
2.749108846975613e-01	2.086944955494295e+01	2.848433568325841e+00	3.668166324266571e-03	1.024277439317369e+00
2.777597860478538e-01	2.089894473339206e+01	2.835971396523862e+00	3.624398217413013e-03	1.021177205193559e+00
2.806209960781473e-01	2.092830833069937e+01	2.823503342642128e+00	3.581258426513698e-03	1.018058018099744e+00
2.834944660266612e-01	2.095753936899439e+01	2.811041500391795e+00	3.538957317864717e-03	1.014918920631421e+00
2.863801469226772e-01	2.098663696114690e+01	2.798599149938743e+00	3.497392480935829e-03	1.011758921425280e+00
2.892779895873737e-01	2.101560233585093e+01	2.786165043893373e+00	3.456450305112461e-03	1.008577921402822e+00
2.921879446346636e-01	2.104443628798908e+01	2.773707532505154e+00	3.416125540919092e-03	1.005376780476945e+00
2.951099624720362e-01	2.107314127135456e+01	2.761214155154422e+00	3.376324811654490e-03	1.002156194251163e+00
2.980439933014026e-01	2.110172291713717e+01	2.748689119072589e+00	3.336946300820425e-03	9.989161043715088e-01
3.009899871199438e-01	2.113018618213822e+01	2.736128073739827e+00	3.298215333100129e-03	9.956558065090054e-01
3.039478937209633e-01	2.115852993610353e+01	2.723530954429244e+00	3.260136650261404e-03	9.923740804897335e-01
3.069176626947427e-01	2.118674907456163e+01	2.710912979290953e+00	3.222438971028711e-03	9.890694739280126e-01
3.098992434294008e-01	2.121484304533731e+01	2.698291450842662e+00	3.185304159302255e-03	9.857408485040527e-01
3.128925851117559e-01	2.124282038615425e+01	2.685673737029861e+00	3.148655975081709e-03	9.823877097291215e-01
3.158976367281920e-01	2.127068663093193e+01	2.673058766705331e+00	3.112384561136490e-03	9.790103985436711e-01
3.189143470655283e-01	2.129843696331469e+01	2.660443773115833e+00	3.076207258098348e-03	9.756105481545883e-01
3.219426647118918e-01	2.132606831188664e+01	2.647805487490334e+00	3.040470004338982e-03	9.721914273474571e-01
3.249825380575933e-01	2.135358490793573e+01	2.635124289053238e+00	3.005395206866108e-03	9.687568312515442e-01
3.280339152960073e-01	2.138099021339305e+01	2.622398516288148e+00	2.970926306185481e-03	9.653099497036485e-01
3.310967444244550e-01	2.140828139532950e+01	2.609633168284585e+00	2.936804334295016e-03	9.618532378860138e-01
3.341709732450902e-01	2.143545705747050e+01	2.596819492491631e+00	2.903310027636429e-03	9.583884526117002e-01
3.372565493657887e-01	2.146251970257834e+01	2.583965021983502e+00	2.870219923700872e-03	9.549165893547529e-01
3.403534202010420e-01	2.148947226498314e+01	2.571098041040836e+00	2.837668768916534e-03	9.514381879020333e-01
3.434615329728526e-01	2.151631258161888e+01	2.558244011136622e+00	2.805567480404136e-03	9.479536354178868e-01
3.465808347116340e-01	2.154303146456958e+01	2.545410909605196e+00	2.773751519520141e-03	9.444629276341424e-01
3.497112722571132e-01	2.156962768042360e+01	2.532577637759917e+00	2.742323941892499e-03	9.409656162079879e-01
3.528527922592367e-01	2.159610908216520e+01	2.519723358948106e+00	2.711397107983279e-03	9.374607014659677e-01
3.560053411790800e-01	2.162247652581483e+01	2.506867772527362e+00	2.680790060531968e-03	9.339464145015633e-01
3.591688652897594e-01	2.164872771345340e+01	2.494028174888933e+00	2.650452305431567e-03	9.304199440387700e-01
3.623433106773484e-01	2.167486408642749e+01	2.481198501982839e+00	2.620515658832603e-03	9.268775695104120e-01
3.655286232417957e-01	2.170088898581311e+01	2.468369958022418e+00	2.590910044235173e-03	9.233161736459794e-01
3.687247486978480e-01	2.172680092024545e+01	2.455537517186611e+00	2.561691850821929e-03	9.197341134739387e-01
3.719316325759746e-01	2.175259699686135e+01	2.442706197963576e+00	2.532855664416448e-03	9.161315340763220e-01
3.751492202232959e-01	2.177827933538565e+01	2.429873798845948e+00	2.504394868018700e-03	9.125104759715477e-01
3.783774568045147e-01	2.180385199296974e+01	2.417034943092630e+00	2.476335167723578e-03	9.088739532596183e-01
3.816162873028511e-01	2.182932111456897e+01	2.404190844304557e+00	2.448692851426559e-03	9.052244278132699e-01
3.848656565209795e-01	2.185469332622607e+01	2.391347347783786e+00	2.421397819385608e-03	9.015630782743841e-01
3.881255090819695e-01	2.187997018436184e+01	2.378504589338247e+00	2.394371636328261e-03	8.978902523905845e-01
3.913957894302302e-01	2.190515358421703e+01	2.365655465392345e+00	2.367774487325842e-03	8.942058366709382e-01
3.946764418324564e-01	2.193024633332616e+01	2.352816149803871e+00	2.341538789216336e-03	8.905096523326554e-01
3.979674103785783e-01	2.195524357178537e+01	2.340012188167417e+00	2.315540194327161e-03	8.868018261973561e-01
4.012686389827149e-01	2.198014050642420e+01	2.327245119540990e+00	2.289802547231396e-03	8.830821241598350e-01
4.045800713841297e-01	2.200493804488850e+01	2.314495628707836e+00	2.264476916304893e-03	8.793497586412165e-01
4.079016511481890e-01	2.202963833449652e+01	2.301754323490024e+00	2.239352233765510e-03	8.756043947896476e-01
4.112333216673243e-01	2.205424431256533e+01	2.289016702641331e+00	2.214409624525804e-03	8.718463013210803e-01
4.145750261619968e-01	2.207876461840334e+01	2.276270556297737e+00	2.189995707762587e-03	8.680760170331856e-01
4.179267076816650e-01	2.210320828629276e+01	2.263516330271089e+00	2.166020659930800e-03	8.642940939394806e-01
4.212883091057552e-01	2.212758136610584e+01	2.250761548150250e+00	2.142270790210819e-03	8.605008676236513e-01
4.246597731446353e-01	2.215188857944177e+01	2.238012264207593e+00	2.118589495256933e-03	8.566965081868061e-01
4.280410423405908e-01	2.217613397995868e+01	2.225259605984661e+00	2.095188132433760e-03	8.528806534914024e-01
4.314320590688043e-01	2.220031322161036e+01	2.212497416275226e+00	2.072029028374367e-03	8.490522497829186e-01
4.348327655383372e-01	2.222441440452397e+01	2.199720798552304e+00	2.049204580883463e-03	8.452097811804220e-01
4.382431037931148e-01	2.224843116959551e+01	2.186922667790355e+00	2.026732153311537e-03	8.413521360274522e-01
4.416630157129143e-01	2.227236135623990e+01	2.174109959749572e+00	2.004565618945176e-03	8.374792833123214e-01
4.450924430143548e-01	2.229620902798643e+01	2.161290981014853e+00	1.982551168688695e-03	8.335918160547821e-01
4.485313272518908e-01	2.231997837966221e+01	2.148471113976051e+00	1.960692189900068e-03	8.296903250480523e-01
4.519796098188085e-01	2.234366750457458e+01	2.135660122462742e+00	1.939046026312863e-03	8.257750056763581e-01
4.554372319482241e-01	2.236727424750832e+01	2.122868943556143e+00	1.917657808146016e-03	8.218456012077251e-01
4.589041347140854e-01	2.239079889918424e+01	2.110112428147549e+00	1.896302048560384e-03	8.179023645277815e-01
4.623802590321769e-01	2.241424035770789e+01	2.097379951892787e+00	1.875077190935662e-03	8.139473628913388e-01
4.658655456611256e-01	2.243759651967063e+01	2.084645314682546e+00	1.854229539623086e-03	8.099839981366235e-01
4.693599352034108e-01	2.246086590016475e+01	2.071906738728289e+00	1.833608318740446e-03	8.060148811708270e-01
4.728633681063773e-01	2.248404473931778e+01	2.059169668394291e+00	1.813186427905572e-03	8.020415289388196e-01
4.763757846632491e-01	2.250713142076947e+01	2.046435125360702e+00	1.793040609125408e-03	7.980652305061434e-01
4.798971250141478e-01	2.253012470083899e+01	2.033705989154231e+00	1.773280534399564e-03	7.940869883919599e-01
4.834273291471126e-01	2.255301981901228e+01	2.020998002256778e+00	1.753783379537284e-03	7.901071019949932e-01
4.869663368991224e-01	2.257581697976351e+01	2.008312688224247e+00	1.734435725345118e-03	7.861260651304331e-01
4.905140879571221e-01	2.259852247979534e+01	1.995628071164338e+00	1.715280213398500e-03	7.821449306389782e-01
4.940705218590499e-01	2.262114182249859e+01	1.982935113437573e+00	1.696396396623814e-03	7.781650054267202e-01
4.976355779948676e-01	2.264367656945842e+01	1.970237570319038e+00	1.677709517818225e-03	7.741877358588930e-01
5.012091956075939e-01	2.266612814507691e+01	1.957533913621867e+00	1.659217918647659e-03	7.702143004277657e-01
5.047913137943398e-01	2.268849877025421e+01	1.944828185549603e+00	1.640893800199225e-03	7.662446223212596e-01
5.083818715073465e-01	2.271078524719811e+01	1.932147135644416e+00	1.622701080367781e-03	7.622774004112086e-01
5.119808075550254e-01	2.273298568191266e+01	1.919522463700961e+00	1.604708929352376e-03	7.583114013885690e-01
5.155880606030014e-01	2.275510099475036e+01	1.906959093450359e+00	1.586874573820299e-03	7.543459215519810e-01
5.192035691751582e-01	2.277713150208591e+01	1.894430976416435e+00	1.569284757215351e-03	7.503806833228555e-01
5.228272716546859e-01	2.279907479041430e+01	1.881917607422632e+00	1.551925662052360e-03	7.464160939100923e-01
5.264591062851307e-01	2.282093411660792e+01	1.869403671821975e+00	1.534884176425323e-03	7.424531551646794e-01
5.300990111714481e-01	2.284271624918244e+01	1.856889409323250e+00	1.518007481643977e-03	7.384930192723344e-01
5.337469242810573e-01	2.286442567934971e+01	1.844377064573790e+00	1.501308787782806e-03	7.345369457714062e-01
5.374027834448982e-01	2.288606457690820e+01	1.831872330522411e+00	1.484850453860827e-03	7.305865079795848e-01
5.410665263584914e-01	2.290762833507247e+01	1.819381659432166e+00	1.468596666226053e-03	7.266436589276535e-01
5.447380905829997e-01	2.292911139214587e+01	1.806900036262620e+00	1.452546491324117e-03	7.227101225117715e-01
5.484174135462924e-01	2.295050958599914e+01	1.794432879099494e+00	1.436701138906940e-03	7.187865426868270e-01
5.521044325440113e-01	2.297181967124434e+01	1.781998403475880e+00	1.420874409247340e-03	7.148725834425199e-01
5.557990847406399e-01	2.299304075423774e+01	1.769603361777894e+00	1.405084624935709e-03	7.109678276904794e-01
5.595013071705737e-01	2.301417346342712e+01	1.757231570959624e+00	1.389507621621078e-03	7.070713973378645e-01
5.632110367391936e-01	2.303521740741913e+01	1.744876203002445e+00	1.374126166993873e-03	7.031816204256213e-01
5.669282102239410e-01	2.305617628169560e+01	1.732535997975267e+00	1.359086993450129e-03	6.992973085149813e-01
5.706527642753958e-01	2.307705551219762e+01	1.720200072186522e+00	1.344243615447760e-03	6.954183338713967e-01
5.743846354183553e-01	2.309785717246697e+01	1.707864531413689e+00	1.329476711028686e-03	6.915446925505084e-01
5.781237600529161e-01	2.311857827565949e+01	1.695536771153170e+00	1.314809262351508e-03	6.876764182450499e-01
5.818700744555583e-01	2.313921309035877e+01	1.683221116971034e+00	1.300113193504088e-03	6.838139929714342e-01
5.856235147802317e-01	2.315976011818410e+01	1.670914095074757e+00	1.285448176259101e-03	6.799585807166574e-01
5.893840170594431e-01	2.318022569083491e+01	1.658601658941909e+00	1.270966379539659e-03	6.761119291284405e-01
5.931515172053470e-01	2.320060784874121e+01	1.646286364801592e+00	1.256646869801446e-03	6.722758575771344e-01
5.969259510108379e-01	2.322089364203901e+01	1.633996947977671e+00	1.242454410706439e-03	6.684516063312467e-01
6.007072541506442e-01	2.324107230347006e+01	1.621766763032167e+00	1.228369226233394e-03	6.646400091233761e-01
6.044953621824245e-01	2.326113514800532e+01	1.609615287573485e+00	1.214313837025068e-03	6.608422041981492e-01
6.082902105478664e-01	2.328107400974583e+01	1.597533539648198e+00	1.200491780072624e-03	6.570592176880972e-01
6.120917345737857e-01	2.330088178602545e+01	1.585515049980005e+00	1.186933200587549e-03	6.532919918056894e-01
6.158998694732298e-01	2.332055894444842e+01	1.573565770751749e+00	1.173563788161506e-03	6.495424623619307e-01
6.197145503465804e-01	2.334010897487887e+01	1.561685677190690e+00	1.160327747981384e-03	6.458132394675475e-01
6.235357121826612e-01	2.335953248026085e+01	1.549865219160471e+00	1.147204296276743e-03	6.421067208829735e-01
6.273632898598445e-01	2.337882857380380e+01	1.538099145783062e+00	1.134211755310317e-03	6.384241672355218e-01
6.311972181471613e-01	2.339799649135530e+01	1.526382193987021e+00	1.121371938191018e-03	6.347652745326049e-01
6.350374317054138e-01	2.341703879011351e+01	1.514705046355113e+00	1.108653422403023e-03	6.311285216167287e-01
6.388838650882879e-01	2.343595734820810e+01	1.503067043672914e+00	1.096087226176047e-03	6.275118696577549e-01
6.427364527434689e-01	2.345475026661682e+01	1.491472033881091e+00	1.083724176840596e-03	6.239135754258230e-01
6.465951290137593e-01	2.347341513834048e+01	1.479914120712992e+00	1.071479841524915e-03	6.203323180448059e-01
6.504598281381966e-01	2.349195245789986e+01	1.468384460184800e+00	1.059299997840041e-03	6.167668459742107e-01
6.543304842531749e-01	2.351036582112939e+01	1.456873800181696e+00	1.047282963665239e-03	6.132166197859867e-01
6.582070313935672e-01	2.352865894998100e+01	1.445375129852767e+00	1.035497011106359e-03	6.096827453805490e-01
6.620894034938494e-01	2.354683117510856e+01	1.433894982052163e+00	1.023900176970841e-03	6.061673853107545e-01
6.659775343892262e-01	2.356487672339671e+01	1.422454071808134e+00	1.012390179016735e-03	6.026722625383696e-01
6.698713578167591e-01	2.358278990132915e+01	1.411064264976685e+00	1.000961008821576e-03	5.991981366684651e-01
6.737708074164952e-01	2.360057021485075e+01	1.399724388053820e+00	9.895536219452681e-04	5.957453459222571e-01
6.776758167325982e-01	2.361821886089815e+01	1.388430298833947e+00	9.783190803785236e-04	5.923142208748032e-01
6.815863192144815e-01	2.363572859737062e+01	1.377192808307767e+00	9.672864683750507e-04	5.889051473592771e-01
6.855022482179417e-01	2.365308793264095e+01	1.366027339723640e+00	9.564168938663433e-04	5.855186136869501e-01
6.894235370062947e-01	2.367029029693347e+01	1.354937047325721e+00	9.457677809567235e-04	5.821556407274081e-01
6.933501187515128e-01	2.368733192326477e+01	1.343915401915653e+00	9.353038785352649e-04	5.788176164742871e-01
6.972819265353641e-01	2.370421160016943e+01	1.332955756870502e+00	9.250372196258978e-04	5.755062468001041e-01
7.012188933505527e-01	2.372093231907700e+01	1.322055064070239e+00	9.148566030218717e-04	5.722232284444607e-01
7.051609521018602e-01	2.373749806695299e+01	1.311205175284761e+00	9.047435729182782e-04	5.689691809559057e-01
7.091080356072901e-01	2.375391079088135e+01	1.300399800408126e+00	8.947903107206836e-04	5.657431422264749e-01
7.130600765992119e-01	2.377017124132967e+01	1.289639500654128e+00	8.849929514508396e-04	5.625437589935239e-01
7.170170077255077e-01	2.378627769598445e+01	1.278932063805257e+00	8.753589925270284e-04	5.593704933674166e-01
7.209787615507204e-01	2.380222954994733e+01	1.268285104973910e+00	8.658304118351538e-04	5.562239040703665e-01
7.249452705572028e-01	2.381802843605357e+01	1.257705968652403e+00	8.564368761906457e-04	5.531057306924034e-01
7.289164671462678e-01	2.383367124213854e+01	1.247213061029720e+00	8.471641920292543e-04	5.500183159225808e-01
7.328922836393410e-01	2.384914973565619e+01	1.236816577410796e+00	8.379799493731779e-04	5.469635216752801e-01
7.368726522791142e-01	2.386445513059006e+01	1.226510456076493e+00	8.289552387085635e-04	5.439416990886843e-01
7.408575052306994e-01	2.387958375154941e+01	1.216286492184401e+00	8.200988545243770e-04	5.409517180314639e-01
7.448467745827856e-01	2.389453476740702e+01	1.206142711362403e+00	8.113884460858134e-04	5.379920157014907e-01
7.488403923487958e-01	2.390930615501549e+01	1.196076691197748e+00	8.027731644879013e-04	5.350619184585242e-01
7.528382904680460e-01	2.392389608618585e+01	1.186081091448298e+00	7.942458751067339e-04	5.321621974933275e-01
7.568404008069043e-01	2.393830625784744e+01	1.176142144067506e+00	7.859151579847815e-04	5.292943932172348e-01
7.608466551599531e-01	2.395254119224046e+01	1.166254577559948e+00	7.778072362262003e-04	5.264596348543179e-01
7.648569852511511e-01	2.396660008723839e+01	1.156433184149070e+00	7.697887220407518e-04	5.236581392895331e-01
7.688713227349963e-01	2.398047716724446e+01	1.146691623290474e+00	7.618925782376432e-04	5.208895873944680e-01
7.728895991976916e-01	2.399416623379863e+01	1.137045929316487e+00	7.541019107207400e-04	5.181536410236788e-01
7.769117461583105e-01	2.400766532866228e+01	1.127516240594850e+00	7.464127722618646e-04	5.154507705458876e-01
7.809376950699636e-01	2.402097642089367e+01	1.118113675697578e+00	7.388312917239906e-04	5.127827111618368e-01
7.849673773209678e-01	2.403409897970637e+01	1.108838736698752e+00	7.314020740385981e-04	5.101516859608700e-01
7.890007242360147e-01	2.404703107981906e+01	1.099688006533393e+00	7.241603425759234e-04	5.075592754849585e-01
7.930376670773416e-01	2.405976692848467e+01	1.090667501155493e+00	7.171154515996602e-04	5.050059387820456e-01
7.970781370459026e-01	2.407230125115326e+01	1.081790330433226e+00	7.101725145445335e-04	5.024920752748736e-01
8.011220652825412e-01	2.408463352402872e+01	1.073047437807019e+00	7.033537669459694e-04	5.000189044923227e-01
8.051693828691638e-01	2.409675904662591e+01	1.064426140907247e+00	6.966672283896273e-04	4.975881069405229e-01
8.092200208299145e-01	2.410867326597577e+01	1.055920608771284e+00	6.900893804674750e-04	4.952013196923344e-01
8.132739101323502e-01	2.412037538222686e+01	1.047520609321821e+00	6.836821603031767e-04	4.928598183471107e-01
8.173309816886172e-01	2.413186259073606e+01	1.039226806714953e+00	6.773926871859607e-04	4.905642284205173e-01
8.213911663566287e-01	2.414313000102225e+01	1.031044710897048e+00	6.712274389177131e-04	4.883146164652725e-01
8.254543949412434e-01	2.415416989327798e+01	1.022981465465858e+00	6.652450931751329e-04	4.861110849844787e-01
8.295205981954440e-01	2.416497680547931e+01	1.015053573012980e+00	6.594407875483492e-04	4.839541057032397e-01
8.335897068215181e-01	2.417555184166700e+01	1.007274012272407e+00	6.537373097503236e-04	4.818443902929773e-01
8.376616514722389e-01	2.418590021193411e+01	9.996376116197215e-01	6.481934814294254e-04	4.797825525822911e-01
8.417363627520470e-01	2.419602496113200e+01	9.921452459983712e-01	6.427937980412904e-04	4.777690876734713e-01
8.458137712182330e-01	2.420592630778328e+01	9.848026969372524e-01	6.374856557818315e-04	4.758047506479055e-01
8.498938073821211e-01	2.421560013851026e+01	9.776077031522512e-01	6.323207208909016e-04	4.738912070218235e-01
8.539764017102535e-01	2.422504085203249e+01	9.705560426154096e-01	6.273690116897291e-04	4.720308640549661e-01
8.580614846255750e-01	2.423424609827512e+01	9.636517375180246e-01	6.225737756827798e-04	4.702255470292573e-01
8.621489865086192e-01	2.424321433924687e+01	9.569035291707059e-01	6.179116375590960e-04	4.684756151284758e-01
8.662388376986945e-01	2.425194550085275e+01	9.503129708437644e-01	6.133978997319015e-04	4.667802836531127e-01
8.703309684950719e-01	2.426043764440123e+01	9.438767467022665e-01	6.090303021379715e-04	4.651387865855320e-01
8.744253091581722e-01	2.426868960209816e+01	9.375905365078715e-01	6.048294847017998e-04	4.635507343199959e-01
8.785217899107551e-01	2.427670255614164e+01	9.314569023958919e-01	6.007660634183211e-04	4.620156197334696e-01
8.826203409391081e-01	2.428447562306326e+01	9.254856579095855e-01	5.968209160607514e-04	4.605324636519532e-01
8.867208923942361e-01	2.429200530527729e+01	9.196841877680361e-01	5.929715509519419e-04	4.591001243945559e-01
8.908233743930521e-01	2.429928864751548e+01	9.140549571890882e-01	5.892745022642956e-04	4.577176416509633e-01
8.949277170195682e-01	2.430632518032137e+01	9.086060613284301e-01	5.857242505836131e-04	4.563844611132412e-01
8.990338503260868e-01	2.431311598196357e+01	9.033451969324496e-01	5.822936748141404e-04	4.551007474164676e-01
9.031417043343931e-01	2.431965806061929e+01	8.982734483517033e-01	5.789924614791771e-04	4.538673231989008e-01
9.072512090369473e-01	2.432594421637009e+01	8.933883269596921e-01	5.758292324873996e-04	4.526852862538771e-01
9.113622943980779e-01	2.433196912317247e+01	8.886879504120931e-01	5.728227262030451e-04	4.515556256279398e-01
9.154748903551754e-01	2.433773218499674e+01	8.841749890871299e-01	5.700021431455677e-04	4.504786574743695e-01
9.195889268198859e-01	2.434323272690836e+01	8.798570891714876e-01	5.672867014690438e-04	4.494538606687907e-01
9.237043336793060e-01	2.434846759766818e+01	8.757366918390552e-01	5.646517131404643e-04	4.484804798738653e-01
9.278210407971776e-01	2.435343576578815e+01	8.718096488442511e-01	5.621519744686088e-04	4.475580148878193e-01
9.319389780150831e-01	2.435813539759378e+01	8.680784226578604e-01	5.598141932292306e-04	4.466864774995418e-01
9.360580751536409e-01	2.436256420971749e+01	8.645527310997881e-01	5.575850908736528e-04	4.458665386312180e-01
9.401782620137019e-01	2.436672206049878e+01	8.612350934485685e-01	5.555263106493469e-04	4.450993722899411e-01
9.442994683775454e-01	2.437060874734538e+01	8.581256082307532e-01	5.536232136070376e-04	4.443861456365646e-01
9.484216240100758e-01	2.437422214866209e+01	8.552261736976716e-01	5.518578835502189e-04	4.437274405168298e-01
9.525446586600201e-01	2.437755784339108e+01	8.525402367295776e-01	5.502304955141946e-04	4.431231929892189e-01
9.566685020611244e-01	2.438061237398777e+01	8.500731327689287e-01	5.486833830280658e-04	4.425730778407194e-01
9.607930839333522e-01	2.438338687882327e+01	8.478230950521891e-01	5.472678229754513e-04	4.420769587509588e-01
9.649183339840810e-01	2.438588321020516e+01	8.457850693011860e-01	5.460302908971187e-04	4.416351557231052e-01
9.690441819093016e-01	2.438809904058645e+01	8.439605272275867e-01	5.449428669123400e-04	4.412479575560469e-01
9.731705573948156e-01	2.439003192819076e+01	8.423580619616674e-01	5.440020748371918e-04	4.409150376371700e-01
9.772973901174332e-01	2.439168323557623e+01	8.409871059331797e-01	5.431501449575872e-04	4.406352607236780e-01
9.814246097461727e-01	2.439305508829271e+01	8.398486691953234e-01	5.424358882112515e-04	4.404069020717267e-01
9.855521459434584e-01	2.439415003737053e+01	8.389401028992846e-01	5.419050196636293e-04	4.402280511816101e-01
9.896799283663196e-01	2.439497222462029e+01	8.382597588081930e-01	5.414724168659447e-04	4.400967589598476e-01
9.938078866675891e-01	2.439552293268360e+01	8.378051504315819e-01	5.411441047873918e-04	4.400110044915524e-01
9.979359504971027e-01	2.439579945418799e+01	8.375755398420339e-01	5.409816728016858e-04	4.399688176750083e-01
1.000000000000000e+00	2.439579945418799e+01	8.375755398420339e-01	5.409816728016858e-04	4.399688176750083e-01
