0.000000000000000e+00
2.428240184538776e-03
1.214115953933537e-02
3.399507290269083e-02
7.284608820098583e-02
1.335500236901577e-01
2.209623252004996e-01
3.399379833889890e-01
4.929032108135004e-01
6.798554005853233e-01
9.007913665971081e-01
1.155707343578231e+00
1.444598987157692e+00
1.767461373939184e+00
2.124289001585036e+00
2.515075788908999e+00
2.939815075980559e+00
3.398499624238986e+00
3.891121616615142e+00
4.417672657666571e+00
4.978143773719019e+00
5.572525413020117e+00
6.200807445902388e+00
6.862979164954878e+00
7.559029285207190e+00
8.288945944319940e+00
9.052716702788729e+00
9.850328544154747e+00
1.068176787522713e+01
1.154702052631526e+01
1.244607175146930e+01
1.337890622873129e+01
1.434550806039785e+01
1.534586077328899e+01
1.637994731903119e+01
1.744775007434545e+01
1.854925084134968e+01
1.968443084786798e+01
2.085327074775009e+01
2.205575062120218e+01
2.329184997512550e+01
2.456154774346627e+01
2.586482228757359e+01
2.720165139656971e+01
2.857201228772740e+01
2.997588160685862e+01
3.141323542871294e+01
3.288404925738435e+01
3.438829802672938e+01
3.592595610079432e+01
3.749699727425217e+01
3.910139477284839e+01
4.073912125385830e+01
4.241014880655230e+01
4.411444895267251e+01
4.585199264691642e+01
4.762275027743362e+01
4.942669166632965e+01
5.126378607018022e+01
5.313400218055522e+01
5.503730812455282e+01
5.697367146534170e+01
5.894305920271461e+01
6.094543777365077e+01
6.298077305288735e+01
6.504903035350158e+01
6.715017442750107e+01
6.928416946642564e+01
7.145097910195732e+01
7.365056640653874e+01
7.588289389400479e+01
7.814792352021966e+01
8.044561668372602e+01
8.277593422640253e+01
8.513883643413128e+01
8.753428303747489e+01
8.996223321236232e+01
9.242264558078513e+01
9.491547821150245e+01
9.744068862075494e+01
9.999823377299006e+01
1.025880700815948e+02
1.052101534096377e+02
1.078644390706229e+02
1.105508818292503e+02
1.132694359021867e+02
1.160200549588465e+02
1.188026921221807e+02
1.216172999694764e+02
1.244638305331648e+02
1.273422353016379e+02
1.302524652200766e+02
1.331944706912857e+02
1.361682015765398e+02
1.391736071964370e+02
1.422106363317636e+02
1.452792372243661e+02
1.483793575780338e+02
1.515109445593897e+02
1.546739447987916e+02
1.578683043912403e+02
1.610939688972999e+02
1.643508833440248e+02
1.676389922258957e+02
1.709582395057674e+02
1.743085686158223e+02
1.776899224585350e+02
1.811022434076456e+02
1.845454733091410e+02
1.880195534822471e+02
1.915244247204280e+02
1.950600272923952e+02
1.986263009431258e+02
2.022231848948892e+02
2.058506178482829e+02
2.095085379832774e+02
2.131968829602689e+02
2.169155899211436e+02
2.206645954903466e+02
2.244438357759637e+02
2.282532463708095e+02
2.320927623535256e+02
2.359623182896858e+02
2.398618482329130e+02
2.437912857260019e+02
2.477505638020516e+02
2.517396149856075e+02
2.557583712938104e+02
2.598067642375565e+02
2.638847248226627e+02
2.679921835510439e+02
2.721290704218970e+02
2.762953149328937e+02
2.804908460813817e+02
2.847155923655960e+02
2.889694817858763e+02
2.932524418458941e+02
2.975643995538890e+02
3.019052814239114e+02
3.062750134770765e+02
3.106735212428239e+02
3.151007297601869e+02
3.195565635790700e+02
3.240409467615355e+02
3.285538028830966e+02
3.330950550340204e+02
3.376646258206388e+02
3.422624373666668e+02
3.468884113145308e+02
3.515424688267024e+02
3.562245305870438e+02
3.609345168021580e+02
3.656723472027497e+02
3.704379410449927e+02
3.752312171119059e+02
3.800520937147384e+02
3.849004886943600e+02
3.897763194226630e+02
3.946795028039697e+02
3.996099552764481e+02
4.045675928135368e+02
4.095523309253767e+02
4.145640846602506e+02
4.196027686060312e+02
4.246682968916375e+02
4.297605831884964e+02
4.348795407120160e+02
4.400250822230628e+02
4.451971200294505e+02
4.503955659874320e+02
4.556203315032040e+02
4.608713275344149e+02
4.661484645916836e+02
4.714516527401240e+02
4.767808016008780e+02
4.821358203526553e+02
4.875166177332819e+02
4.929231020412548e+02
4.983551811373052e+02
5.038127624459682e+02
5.092957529571614e+02
5.148040592277697e+02
5.203375873832371e+02
5.258962431191673e+02
5.314799317029308e+02
5.370885579752791e+02
5.427220263519663e+02
5.483802408253789e+02
5.540631049661707e+02
5.597705219249081e+02
5.655023944337179e+02
5.712586248079476e+02
5.770391149478290e+02
5.828437663401498e+02
5.886724800599333e+02
5.945251567721234e+02
6.004016967332785e+02
6.063019997932702e+02
6.122259653969913e+02
6.181734925860687e+02
6.241444800005845e+02
6.301388258808028e+02
6.361564280689039e+02
6.421971840107267e+02
6.482609907575143e+02
6.543477449676702e+02
6.604573429085190e+02
6.665896804580739e+02
6.727446531068115e+02
6.789221559594525e+02
6.851220837367505e+02
6.913443307772844e+02
6.975887910392606e+02
7.038553581023200e+02
7.101439251693511e+02
7.164543850683100e+02
7.227866302540477e+02
7.291405528101423e+02
7.355160444507379e+02
7.419129965223913e+02
7.483313000059217e+02
7.547708455182708e+02
7.612315233143655e+02
7.677132232889886e+02
7.742158349786552e+02
7.807392475634957e+02
7.872833498691441e+02
7.938480303686321e+02
8.004331771842908e+02
8.070386780896571e+02
8.136644205113856e+02
8.203102915311679e+02
8.269761778876568e+02
8.336619659783962e+02
8.403675418617578e+02
8.470927912588820e+02
8.538375995556266e+02
8.606018518045196e+02
8.673854327267171e+02
8.741882267139702e+02
8.810101178305930e+02
8.878509898154400e+02
8.947107260838867e+02
9.015892097298164e+02
9.084863235276132e+02
9.154019499341587e+02
9.223359710908368e+02
9.292882688255409e+02
9.362587246546877e+02
9.432472197852385e+02
9.502536351167211e+02
9.572778512432609e+02
9.643197484556166e+02
9.713792067432179e+02
9.784561057962136e+02
9.855503250075200e+02
9.926617434748771e+02
9.997902400029087e+02
1.006935693105189e+03
1.014097981006310e+03
1.021276981643962e+03
1.028472572671009e+03
1.035684631457574e+03
1.042913035093135e+03
1.050157660388609e+03
1.057418383878464e+03
1.064695081822811e+03
1.071987630209523e+03
1.079295904756342e+03
1.086619780912998e+03
1.093959133863335e+03
1.101313838527434e+03
1.108683769563748e+03
1.116068801371237e+03
1.123468808091505e+03
1.130883663610951e+03
1.138313241562915e+03
1.145757415329831e+03
1.153216058045388e+03
1.160689042596685e+03
1.168176241626409e+03
1.175677527534994e+03
1.183192772482801e+03
1.190721848392296e+03
1.198264626950235e+03
1.205820979609845e+03
1.213390777593022e+03
1.220973891892517e+03
1.228570193274145e+03
1.236179552278978e+03
1.243801839225557e+03
1.251436924212100e+03
1.259084677118716e+03
1.266744967609622e+03
1.274417665135367e+03
1.282102638935052e+03
1.289799758038564e+03
1.297508891268804e+03
1.305229907243923e+03
1.312962674379564e+03
1.320707060891101e+03
1.328462934795887e+03
1.336230163915502e+03
1.344008615878007e+03
1.351798158120198e+03
1.359598657889869e+03
1.367409982248070e+03
1.375231998071374e+03
1.383064572054147e+03
1.390907570710819e+03
1.398760860378159e+03
1.406624307217552e+03
1.414497777217282e+03
1.422381136194815e+03
1.430274249799082e+03
1.438176983512777e+03
1.446089202654641e+03
1.454010772381762e+03
1.461941557691873e+03
1.469881423425651e+03
1.477830234269019e+03
1.485787854755458e+03
1.493754149268309e+03
1.501728982043089e+03
1.509712217169800e+03
1.517703718595251e+03
1.525703350125373e+03
1.533710975427540e+03
1.541726458032895e+03
1.549749661338671e+03
1.557780448610524e+03
1.565818682984861e+03
1.573864227471173e+03
1.581916944954370e+03
1.589976698197115e+03
1.598043349842168e+03
1.606116762414721e+03
1.614196798324745e+03
1.622283319869335e+03
1.630376189235054e+03
1.638475268500282e+03
1.646580419637571e+03
1.654691504515991e+03
1.662808384903489e+03
1.670930922469240e+03
1.679058978786011e+03
1.687192415332513e+03
1.695331093495769e+03
1.703474874573468e+03
1.711623619776336e+03
1.719777190230500e+03
1.727935446979849e+03
1.736098250988410e+03
1.744265463142713e+03
1.752436944254163e+03
1.760612555061410e+03
1.768792156232727e+03
1.776975608368380e+03
1.785162772003006e+03
1.793353507607990e+03
1.801547675593840e+03
1.809745136312570e+03
1.817945750060078e+03
1.826149377078527e+03
1.834355877558726e+03
1.842565111642513e+03
1.850776939425140e+03
1.858991220957656e+03
1.867207816249292e+03
1.875426585269847e+03
1.883647387952076e+03
1.891870084194073e+03
1.900094533861663e+03
1.908320596790789e+03
1.916548132789898e+03
1.924777001642335e+03
1.933007063108728e+03
1.941238176929381e+03
1.949470202826663e+03
1.957703000507400e+03
1.965936429665264e+03
1.974170349983165e+03
1.982404621135643e+03
1.990639102791259e+03
