0.000000000000000	0.000000000000000	0.000000000000000	1892.462261317091361	0.000000000000000	-19.083404442676652	0.000000000000000
0.000191873751766	1.010141015149235	0.181147235561532	1342.630609787408730	0.000066179280933	-17.081619218819270	0.034533961919623
0.000399008051153	2.099113473800414	0.665024714997773	991.037029129948564	0.000908400586753	-15.095673198332502	0.071807120539241
0.000621399736570	3.260268203341925	1.423135835555899	789.818185987253173	0.004623275324857	-13.118885040984496	0.111817200195654
0.000859045413548	4.472902250049565	2.415556265694867	709.670513035427348	0.014396774092225	-11.159961216787046	0.154561758126567
0.001111941454787	5.674466538186142	3.543720505472968	718.014895749235620	0.033347621174229	-9.239610447641649	0.200038184619760
0.001380084000215	6.780200562162092	4.608787349840787	752.474027531542788	0.062305560405176	-7.385756923290523	0.248243703172421
0.001663468957044	7.744806116437436	5.449392434946240	776.605480560844626	0.099462109691785	-5.639120875252957	0.299175370660576
0.001962091999835	8.568454583053578	6.026269414362518	778.993314559565420	0.142048326017865	-4.028360131829994	0.352830077518935
0.002275948570562	9.271994506294318	6.379105173578520	762.201344129000745	0.187679567177146	-2.568014567270250	0.409204547930616
0.002605033878683	9.878919563128891	6.566609125172270	732.531342962519489	0.234669155237334	-1.263756526235617	0.468295340027171
0.002949342901212	10.409154235523115	6.639862896674262	695.640276562033364	0.281921126487000	-0.098183326525677	0.530098846098749
0.003308870382796	10.878209219677718	6.636819684489466	655.562125565846941	0.328743906693124	0.949596399992700	0.594611292814354
0.003683610835796	11.297877682528391	6.584006917949007	614.889989813859529	0.374705124259487	1.894882866202648	0.661828741452225
0.004073558540370	11.677126370432411	6.499519756367280	575.180671109811556	0.419538527444971	2.749444948486657	0.731747088140287
0.004478707544561	12.022836711052772	6.395590257370602	537.305713755217425	0.463085313653018	3.522711556738451	0.804362064106712
0.004899051664386	12.340357512320001	6.280462076355107	501.702698089991372	0.505256945143272	4.222492120283147	0.879669235940587
0.005334584483933	12.633903439213983	6.159681573374050	468.542322213999910	0.546011269997931	4.855429453811946	0.957664005862517
0.005785299355457	12.906840390149716	6.036968593895239	437.835766478737014	0.585336950896484	5.427294254319031	1.038341612005401
0.006251189399482	13.161890849203374	5.914800850918446	409.502444067280237	0.623243156256200	5.943182562356840	1.121697128705101
0.006732247504907	13.401283107149043	5.794807074145757	383.412234083676310	0.659752639292452	6.407651957337196	1.207725466801256
0.007228466329113	13.626860990198500	5.678033075685825	359.411497184463030	0.694897034212212	6.824818052832165	1.296421373947900
0.007739838298075	13.840165567242078	5.565123135189093	337.338850036473559	0.728713626258411	7.198424674937137	1.387779434934191
0.008266355606479	14.042496756734948	5.456444600214292	317.034496929747831	0.761243115905814	7.531896238732808	1.481794072015038
0.008808010217841	14.234960343125348	5.352174101133323	298.345523630113121	0.792528062650383	7.828377858615434	1.578459545251607
0.009364793864629	14.418504273867818	5.252357592942249	281.128675759901739	0.822611798985513	8.090766858937322	1.677769952861804
0.009936698048389	14.593946987191094	5.156952396090956	265.251585950418473	0.851537673174710	8.321738152660636	1.779719231580510
0.010523714039874	14.761999747167559	5.065856753963906	250.593060816008887	0.879348524092879	8.523765172300232	1.884301157029958
0.011125832879181	14.923284423058462	4.978930666616380	237.042814620660124	0.906086321156361	8.699137516957444	1.991509344099510
0.011743045375882	15.078347769407333	4.896010585613793	224.500893750884586	0.931791922442631	8.849976128552939	2.101337247335679
0.012375342109169	15.227672992031355	4.816919762520091	212.876944938020813	0.956504917826485	8.978246571202879	2.213778161341657
0.013022713427996	15.371689189463050	4.741475504263454	202.089421838900620	0.980263533452011	9.085770822900480	2.328825221186726
0.013685149451226	15.510779116884565	4.669494218175160	192.064787249974358	1.003104580496233	9.174237874145634	2.446471402825486
0.014362640067783	15.645285614700368	4.600794872857400	182.736744384604293	1.025063435867352	9.245213347996328	2.566709523526455
0.015055174936805	15.775516965926098	4.535201321769853	174.045515491773386	1.046174045821983	9.300148299548740	2.689532242310873
0.015762743487802	15.901751388076576	4.472543810237685	165.937176559685298	1.066468945888609	9.340387312871947	2.814932060400687
0.016485334920818	16.024240820960099	4.412659897119628	158.363050944473969	1.085979292226249	9.367175984984215	2.942901321676591
0.017222938206596	16.143214137989258	4.355394958524458	151.279161206113031	1.104734900819119	9.381667866141134	3.073432213145225
0.017975542086747	16.258879882613250	4.300602395116535	144.645736384068158	1.122764291842957	9.384930911127386	3.206516765416305
0.018743135073918	16.371428611313672	4.248143631448263	138.426770858920008	1.140094737229924	9.377953485730064	3.342146853189260
0.019525705451972	16.481034908859503	4.197887971738456	132.589630467217944	1.156752309972949	9.361649964941490	3.480314195749130
0.020323241276164	16.587859129134934	4.149712359012220	127.104701433115608	1.172761934094164	9.336865953856629	3.621010357472338
0.021135730373326	16.692048905053245	4.103501071715437	121.945077800976577	1.188147434489889	9.304383158100237	3.764226748341495
0.021963160342050	16.793740463264811	4.059145382524091	117.086283300558406	1.202931586081037	9.264923927518653	3.909954624470072
0.022805518552878	16.893059773113720	4.016543197161513	112.506023888134962	1.217136161860995	9.219155494499759	4.058185088636060
0.023662792148494	16.990123554259409	3.975598685949274	108.183967543643703	1.230781979556214	9.167693926427830	4.208909090825321
0.024534968043925	17.085040163298341	3.936221917068061	104.101548241451951	1.243888946707729	9.111107810286130	4.362117428784035
0.025422032926734	17.177910376397694	3.898328497742348	100.241791336335083	1.256476104052037	9.049921686181738	4.517800748580557
0.026323973257227	17.268828082234108	3.861839227530381	96.589157908886023	1.268561667132511	8.984619245508899	4.675949545176537
0.027240775268659	17.357880897295246	3.826679766410176	93.129405892075127	1.280163066112152	8.915646308536560	4.836554163007195
0.028172424967444	17.445150713756167	3.792780319263872	89.849466051884377	1.291296983787900	8.843413595366517	4.999604796570832
0.029118908133370	17.530714188611682	3.760075337573685	86.737331120259043	1.301979391828431	8.768299303435780	5.165091491027516
0.030080210319814	17.614643181471148	3.728503238576364	83.781956579372888	1.312225585273145	8.690651504013987	5.333004142806899
0.031056316853961	17.697005147356304	3.698006141722445	80.973171774201774	1.322050215341266	8.610790369462910	5.503332500224961
0.032047212837033	17.777863489948292	3.668529622009101	78.301600187663581	1.331467320607656	8.529010242373362	5.676066164109998
0.033052883144513	17.857277879976689	3.640022479569090	75.758587851172152	1.340490356607052	8.445581557070836	5.851194588437552
0.034073312426376	17.935304542806428	3.612436524779388	73.336138985367995	1.349132223931376	8.360752623382490	6.028707080974232
0.035108485107324	18.011996518738485	3.585726378083585	71.026858072906208	1.357405294886294	8.274751281983079	6.208592803930456
0.036158385387022	18.087403899080581	3.559849283688595	68.823897659228038	1.365321438773424	8.187786440085796	6.390840774622339
0.037222997240344	18.161574040651949	3.534764936288567	66.720911259782554	1.372892045864063	8.100049495715021	6.575439866141991
0.038302304417611	18.234551761050362	3.510435319979628	64.712010824597400	1.380128050129036	8.011715658291875	6.762378808037012
0.039396290444843	18.306379516721336	3.486824558552442	62.791728274673758	1.387039950787594	7.922945172780183	6.951646186998527
0.040504938624012	18.377097565621142	3.463898776381452	60.954980680497783	1.393637832736247	7.833884454179776	7.143230447558022
0.041628232033291	18.446744116050894	3.441625969166916	59.197038701993385	1.399931385916193	7.744667138716026	7.337119892792884
0.042766153527319	18.515355463053556	3.419975883826151	57.513497952337588	1.405929923675581	7.655415057658793	7.533302685040467
0.043918685737458	18.582966113604616	3.398919906872060	55.900252985967157	1.411642400180428	7.566239139310331	7.731766846620926
0.045085811072059	18.649608901687138	3.378430960658927	54.353473644473702	1.417077426925465	7.477240244329605	7.932500260568372
0.046267511716733	18.715315094219807	3.358483406916611	52.869583523483506	1.422243288393764	7.388509939209500	8.135490671370764
0.047463769634621	18.780114488699859	3.339052957034240	51.445240349542935	1.427147956911501	7.300131212392857	8.340725685718143
0.048674566566666	18.844035503329160	3.320116588592717	50.077318078913152	1.431799106741856	7.212179137202517	8.548192773259208
0.049899884031901	18.907105260309848	3.301652467681748	48.762890550395682	1.436204127459716	7.124721485468839	8.757879267366404
0.051139703327720	18.969349662923541	3.283639876571380	47.499216542191064	1.440370136646620	7.037819295464721	8.969772365909275
0.052394005530170	19.030793466944626	3.266059146340278	46.283726098623568	1.444303991943232	6.951527397502113	9.183859132036051
0.053662771494241	19.091460346881860	3.248891594093049	45.114008006594311	1.448012302494591	6.865894900304708	9.400126494963523
0.054945981854153	19.151372957492882	3.232119464426998	43.987798314072087	1.451501439821391	6.780965641047843	9.618561250775000
0.056243617023655	19.210552990972019	3.215725874834749	42.902969793985044	1.454777548148719	6.696778601748138	9.839150063226501
0.057555657196322	19.269021230172751	3.199694764753332	41.857522266704002	1.457846554221878	6.613368294490839	10.061879464560995
0.058882082345863	19.326797598191312	3.184010847992665	40.849573703054439	1.460714176637260	6.530765117801836	10.286735856330655
0.060222872226417	19.383901204606854	3.168659568297051	39.877352037586391	1.463385934714631	6.448995686302665	10.513705510227039
0.061578006372869	19.440350388645950	3.153627057812347	38.939187628781227	1.465867156935683	6.368083135630153	10.742774568919325
0.062947464101163	19.496162759514380	3.138900098249029	38.033506309078518	1.468162988972315	6.288047404456599	10.973929046900279
0.064331224508612	19.551355234117082	3.124466084547603	37.158822973151260	1.470278401326726	6.208905495311152	11.207154831340238
0.065729266474223	19.605944072367048	3.110312990867682	36.313735657818370	1.472218196604158	6.130671715777357	11.442437682948565
0.067141568659014	19.659944910266375	3.096429338735816	35.496920071425890	1.473987016437946	6.053357901525328	11.679763236843197
0.068568109506346	19.713372790926329	3.082804167199760	34.707124534510555	1.475589348085377	5.976973622528883	11.919117003427587
0.070008867242245	19.766242193678998	3.069427004848508	33.943165297133156	1.477029530711839	5.901526373717738	12.160484369275309
0.071463819875740	19.818567061420001	3.056287843568105	33.203922201478818	1.478311761379715	5.827021751221989	12.403850598022379
0.072932945199197	19.870360826309899	3.043377113913094	32.488334661207283	1.479440100757561	5.753463615279996	12.649200831266828
0.074416220788655	19.921636433951324	3.030685661982487	31.795397931633669	1.480418478564203	5.680854240801113	12.896520089475965
0.075913624004173	19.972406366149247	3.018204727697509	31.124159647159590	1.481250698761595	5.609194456500853	13.145793272900898
0.077425131990172	20.022682662352903	3.005925924385990	30.473716604484483	1.481940444509456	5.538483773457707	13.397005162498393
0.078950721675787	20.072476939870128	2.993841219585379	29.843211772030550	1.482491282893989	5.468720503877621	13.650140420860101
0.080490369775214	20.121800412937521	2.981942916982809	29.231831507734910	1.482906669442319	5.399901870793514	13.905183593148934
0.082044052788072	20.170663910723317	2.970223639416654	28.638802968917389	1.483189952433580	5.332024109373060	14.162119108042708
0.083611746999757	20.219077894333886	2.958676312869525	28.063391699339697	1.483344377017033	5.265082560457827	14.420931278684698
0.085193428481806	20.267052472889308	2.947294151387728	27.504899379846314	1.483373089146973	5.199071756910421	14.681604303641503
0.086789073092261	20.314597418728489	2.936070642866891	26.962661730132936	1.483279139343664	5.133985503303422	14.944122267867723
0.088398656476038	20.361722181799738	2.924999535647793	26.436046550236533	1.483065486289044	5.069816949444161	15.208469143677624
0.090022154065299	20.408435903288563	2.914074825870420	25.924451891293298	1.482735000265416	5.006558658192643	15.474628791723724
0.091659541079827	20.454747428530666	2.903290745537925	25.427304345975813	1.482290466444960	4.944202667995976	15.742584961982127
0.093310792527406	20.500665319254558	2.892641751245610	24.944057449807701	1.481734588037409	4.882740550531211	16.012321294744680
0.094975883204196	20.546197865195047	2.882122513533140	24.474190185270547	1.481069989302869	4.822163463819436	16.283821321617729
0.096654787695127	20.591353095115952	2.871727906821139	24.017205581270396	1.480299218436389	4.762462201147050	16.557068466527689
0.098347480374279	20.636138787277599	2.861452999895981	23.572629401126193	1.479424750330512	4.703627236105302	16.832046046732916
0.100053935405277	20.680562479382264	2.851293046909062	23.140008912785504	1.478448989221715	4.645648764036097	17.108737273842390
0.101774126741687	20.724631478028346	2.841243478859174	22.718911735468673	1.477374271226335	4.588516740150866	17.387125254840647
0.103508028127407	20.768352867702035	2.831299895528660	22.308924757395513	1.476202866771281	4.532220914569489	17.667192993119166
0.105255613097077	20.811733519333192	2.821458057846091	21.909653119663083	1.474936982924540	4.476750864508122	17.948923389514100
0.107016854976473	20.854780098440475	2.811713880649934	21.520719261722270	1.473578765630234	4.422096023827853	18.232299243350141
0.108791726882922	20.897499072888973	2.802063425829444	21.141762024248031	1.472130301852739	4.368245710140522	18.517303253490859
0.110580201725709	20.939896720282146	2.792502895820558	20.772435805516601	1.470593621634130	4.315189149653591	18.803918019394814
0.112382252206491	20.981979135008412	2.783028627436007	20.412409767694726	1.468970700069005	4.262915499922573	19.092126042178116
0.114197850819713	21.023752234961460	2.773637086010262	20.061367089713869	1.467263459200529	4.211413870667156	19.381909725682561
0.116026969853028	21.065221767952064	2.764324859841122	19.719004263648397	1.465473769841341	4.160673342795706	19.673251377550205
0.117869581387721	21.106393317828093	2.755088654910988	19.385030431742813	1.463603453322786	4.110682985772192	19.966133210303315
0.119725657299136	21.147272310318417	2.745925289871905	19.059166761440931	1.461654283175748	4.061431873449814	20.260537342430510
0.121595169257100	21.187864018615276	2.736831691279471	18.741145855961339	1.459627986746211	4.012909098486457	20.556445799478400
0.123478088726364	21.228173568708961	2.727804889061679	18.430711198139477	1.457526246748502	3.965103785448691	20.853840515149098
0.125374386967030	21.268205944487669	2.718842012209600	18.127616625419119	1.455350702759025	3.918005102703285	21.152703332403121
0.127284035034995	21.307965992614712	2.709940284677645	17.831625834025541	1.453102952653170	3.871602273187867	21.453016004568010
0.129207003782391	21.347458427194425	2.701097021481908	17.542511910490767	1.450784553987927	3.825884584145791	21.754760196452331
0.131143263858030	21.386687834237549	2.692309624985790	17.260056888828689	1.448397025332625	3.780841395903970	22.057917485465133
0.133092785707853	21.425658675936148	2.683575581362768	16.984051331775515	1.445941847550087	3.736462149766751	22.362469362740640
0.135055539575379	21.464375294757570	2.674892457226798	16.714293934619750	1.443420465030400	3.692736375093535	22.668397234268436
0.137031495502160	21.502841917366393	2.666257896421399	16.450591150246510	1.440834286879362	3.649653695622952	22.975682422028530
0.139020623328241	21.541062658382771	2.657669616959013	16.192756834114007	1.438184688063592	3.607203835101779	23.284306165131831
0.141022892692616	21.579041523985158	2.649125408102753	15.940611907966121	1.435473010514190	3.565376622272593	23.594249620965471
0.143038273033694	21.616782415364852	2.640623127583074	15.693984041164841	1.432700564190732	3.524161995270172	23.905493866343324
0.145066733589765	21.654289132039501	2.632160698942411	15.452707348600274	1.429868628107322	3.483550005473063	24.218019898661314
0.147108243399469	21.691565375032159	2.623736109001161	15.216622104204427	1.426978451322310	3.443530820853298	24.531808637057491
0.149162771302271	21.728614749922290	2.615347405438840	14.985574469158680	1.424031253893244	3.404094728864144	24.846840923577098
0.151230285938931	21.765440769774614	2.606992694484550	14.759416233943801	1.421028227798520	3.365232138902855	25.163097524342216
0.153310755751990	21.802046857951446	2.598670138711280	14.538004573436345	1.417970537827159	3.326933584382684	25.480559130725986
0.155404148986245	21.838436350813858	2.590377954928826	14.321201814306043	1.414859322438030	3.289189724445924	25.799206360531638
0.157510433689239	21.874612500316712	2.582114412170465	14.108875214016392	1.411695694589820	3.251991345347413	26.119019759175593
0.159629577711746	21.910578476502334	2.573877829768750	13.900896750774494	1.408480742542975	3.215329361535801	26.439979800875520
0.161761548708260	21.946337369897300	2.565666575516097	13.697142923817429	1.405215530634761	3.179194816457859	26.762066889842249
0.163906314137493	21.981892193816705	2.557479063906035	13.497494563460426	1.401901100028585	3.143578883109264	27.085261361476224
0.166063841262868	22.017245886579879	2.549313754451262	13.301836650367830	1.398538469438617	3.108472864353581	27.409543483568161
0.168234097153022	22.052401313641447	2.541169150074838	13.110058143540934	1.395128635830750	3.073868193029540	27.734893457503667
0.170417048682305	22.087361269641374	2.533043795571059	12.922051816547647	1.391672575100849	3.039756431865254	28.061291419472109
0.172612662531289	22.122128480377430	2.524936276132750	12.737714101547851	1.388171242731240	3.006129273216630	28.388717441679351
0.174820905187273	22.156705604703387	2.516845215941890	12.556944940695205	1.384625574426299	2.972978538645940	28.717151533564348
0.177041742944798	22.191095236356038	2.508769276820650	12.379647644521214	1.381036486728011	2.940296178355356	29.046573643019769
0.179275141906160	22.225299905714035	2.500707156940098	12.205728756930958	1.377404877612300	2.908074270489132	29.376963657616091
0.181521067981926	22.259322081491309	2.492657589583947	12.035097926461734	1.373731627066907	2.876305020317098	29.708301405829722
0.183779486891457	22.293164172367781	2.484619341964900	11.867667783476396	1.370017597651552	2.844980759311196	30.040566658274390
0.186050364163430	22.326828528559897	2.476591214091244	11.703353822982349	1.366263635041098	2.814093944125879	30.373739128936325
0.188333665136363	22.360317443333411	2.468572037681501	11.542074292785149	1.362470568552396	2.783637155492405	30.707798476412737
0.190629354959146	22.393633154460669	2.460560675125039	11.383750086702388	1.358639211655447	2.753603097036280	31.042724305153726
0.192937398591573	22.426777845624645	2.452556018486674	11.228304642579353	1.354770362469523	2.723984594026408	31.378496166707556
0.195257760804872	22.459753647771784	2.444556988553393	11.075663844862634	1.350864804244825	2.694774592063844	31.715093560969059
0.197590406182252	22.492562640415603	2.436562533921427	10.925755931501719	1.346923305830266	2.665966155717444	32.052495937431331
0.199935299119435	22.525206852892989	2.428571630122000	10.778511404961552	1.342946622127902	2.637552467113145	32.390682696440265
0.202292403825202	22.557688265574971	2.420583278784178	10.633862947141168	1.338935494534564	2.609526824483066	32.729633190452333
0.204661684321943	22.590008811033645	2.412596506833302	10.491745338004982	1.334890651371166	2.581882640680160	33.069326725295205
0.207043104446200	22.622170375166949	2.404610365723603	10.352095377743941	1.330812808300185	2.554613441663686	33.409742561431223
0.209436627849224	22.654174798282806	2.396623930703636	10.214851812293865	1.326702668731768	2.527712864960333	33.750859915223479
0.211842217997528	22.686023876144123	2.388636300113279	10.079955262047729	1.322560924218914	2.501174658105468	34.092657960204882
0.214259838173442	22.717719360976044	2.380646594711082	9.947348153607518	1.318388254842146	2.474992677068605	34.435115828349694
0.216689451475679	22.749262962436884	2.372653957030830	9.816974654429611	1.314185329584086	2.449160884666856	34.778212611347485
0.219131020819894	22.780656348553915	2.364657550766243	9.688780610225574	1.309952806694314	2.423673348969814	35.121927361879770
0.221584508939252	22.811901146625363	2.356656560182789	9.562713484987542	1.305691334044901	2.398524241699040	35.466239094898839
0.224049878384993	22.842998944089675	2.348650189555650	9.438722303514366	1.301401549476953	2.373707836625048	35.811126788909043
0.226527091527011	22.873951289363276	2.340637662632934	9.316757596321281	1.297084081138527	2.349218507964435	36.156569387250137
0.229016110554421	22.904759692647822	2.332618222123252	9.196771346821935	1.292739547814237	2.325050728779587	36.502545799383043
0.231516897476140	22.935425626708007	2.324591129206868	9.078716940677506	1.288368559246875	2.301199069383157	36.849034902177273
0.234029414121467	22.965950527620894	2.316555663069639	8.962549117213074	1.283971716451347	2.277658195749330	37.196015541200758
0.236553622140664	22.996335795497711	2.308511120459028	8.848223922806570	1.279549612021205	2.254422867933707	37.543466532011337
0.239089483005540	23.026582795179007	2.300456815261487	8.735698666160534	1.275102830428075	2.231487938503463	37.891366661450114
0.241636958010044	23.056692856904011	2.292392078100588	8.624931875371443	1.270631948314228	2.208848350979276	38.239694688936630
0.244196008270852	23.086667276955055	2.284316255955275	8.515883256715780	1.266137534778564	2.186499138290395	38.588429347765718
0.246766594727960	23.116507318277787	2.276228711797668	8.408513655076051	1.261620151656245	2.164435421244064	38.937549346405845
0.249348678145284	23.146214211077979	2.268128824249882	8.302785015933846	1.257080353792220	2.142652407010393	39.287033369799090
0.251942219111254	23.175789153395620	2.260015987259351	8.198660348860685	1.252518689308868	2.121145387623684	39.636860080662409
0.254547178039419	23.205233311656983	2.251889609792178	8.096103692440861	1.247935699867969	2.099909738501054	39.987008120790563
0.257163515169050	23.234547821205364	2.243749115544068	7.995080080563709	1.243331920927211	2.078940916979177	40.337456112359845
0.259791190565749	23.263733786811063	2.235593942668423	7.895555510025863	1.238707881991445	2.058234460869798	40.688182659233533
0.262430164122052	23.292792283161265	2.227423543521208	7.797496909386947	1.234064106858857	2.037785987034652	41.039166348267962
0.265080395558051	23.321724355330410	2.219237384422209	7.700872109024913	1.229401113862248	2.017591189980302	41.390385750620069
0.267741844422001	23.350531019231553	2.211034945432368	7.605649812339864	1.224719416105608	1.997645840473369	41.741819423055645
0.270414470090940	23.379213262049312	2.202815720146842	7.511799568057643	1.220019521696120	1.977945784176534	42.093445909258435
0.273098231771309	23.407772042654912	2.194579215503524	7.419291743586840	1.215301933971785	1.958486940305658	42.445243741140231
0.275793088499576	23.436208292003766	2.186324951606716	7.328097499385068	1.210567151724792	1.939265300308295	42.797191440151543
0.278498999142859	23.464522913516170	2.178052461565730	7.238188764292454	1.205815669420794	1.920276926563825	43.149267518592978
0.281215922399555	23.492716783441459	2.169761291348165	7.149538211792304	1.201047977414219	1.901517951105398	43.501450480927026
0.283943816799971	23.520790751206174	2.161450999647651	7.062119237160752	1.196264562159738	1.882984574363815	43.853718825090603
0.286682640706955	23.548745639746578	2.153121157765849	6.975905935469030	1.191465906420036	1.864673063933464	44.206051043807676
0.289432352316532	23.576582245826000	2.144771349508545	6.890873080403653	1.186652489469969	1.846579753360368	44.558425625902501
0.292192909658546	23.604301340337365	2.136401171095659	6.806996103871453	1.181824787297255	1.828701040952376	44.910821057612864
0.294964270597295	23.631903668591320	2.128010231085019	6.724251076357899	1.176983272799762	1.811033388611513	45.263215823903614
0.297746392832177	23.659389950590310	2.119598150309773	6.642614688008601	1.172128415979522	1.793573320688455	45.615588409780230
0.300539233898334	23.686760881288969	2.111164561829309	6.562064230405252	1.167260684133553	1.776317422859089	45.967917301602355
0.303342751167304	23.714017130841210	2.102709110893579	6.482577579008596	1.162380542041556	1.759262341023090	46.320180988397375
0.306156901847668	23.741159344834298	2.094231454920729	6.404133176242217	1.157488452150599	1.742404780224421	46.672357963173617
0.308981642985703	23.768188144510276	2.085731263487956	6.326710015192127	1.152584874756830	1.725741503593656	47.024426724233521
0.311816931466040	23.795104126975069	2.077208218335508	6.250287623898265	1.147670268184300	1.709269331312003	47.376365776486416
0.314662724012320	23.821907865395577	2.068662013383775	6.174846050215054	1.142745088960964	1.692985139596890	47.728153632760751
0.317518977187856	23.848599909185040	2.060092354763411	6.100365847219184	1.137809791991897	1.676885859708957	48.079768815116090
0.320385647396296	23.875180784177033	2.051498960858444	6.026828059143739	1.132864830729786	1.660968476980310	48.431189856154361
0.323262690882287	23.901650992788319	2.042881562362334	5.954214207818705	1.127910657342746	1.645230029863852	48.782395300330563
0.326150063732144	23.928011014170952	2.034239902346959	5.882506279598739	1.122947722879484	1.629667609003514	49.133363705262624
0.329047721874521	23.954261304353796	2.025573736344489	5.811686712759925	1.117976477431854	1.614278356325207	49.484073643040652
0.331955621081079	23.980402296373853	2.016882832442150	5.741738385347991	1.112997370294823	1.599059464148292	49.834503701535034
0.334873716967170	24.006434400397641	2.008166971389849	5.672644603461233	1.108010850123871	1.584008174317370	50.184632485703901
0.337801964992506	24.032358003832886	1.999425946720659	5.604389089952070	1.103017365089840	1.569121777354191	50.534438618899244
0.340740320461842	24.058173471430866	1.990659564884161	5.536955973531836	1.098017363031236	1.554397611629475	50.883900744172074
0.343688738525660	24.083881145379610	1.981867645392636	5.470329778264040	1.093011291603988	1.539833062554420	51.232997525576408
0.346647174180850	24.109481345388332	1.973050020980098	5.404495413431931	1.087999598428669	1.525425561791701	51.581707649471781
0.349615582271399	24.134974368763274	1.964206537774187	5.339438163766781	1.082982731235146	1.511172586485725	51.930009825824612
0.352593917489082	24.160360490475355	1.955337055480896	5.275143680023830	1.077961138004675	1.497071658511939	52.277882789508013
0.355582134374150	24.185639963219824	1.946441447582148	5.211597969893364	1.072935267109386	1.483120343744959	52.625305301600122
0.358580187316024	24.210813017468261	1.937519601546208	5.148787389234872	1.067905567449160	1.469316251345300	52.972256150680792
0.361588030553995	24.235879861513201	1.928571419050914	5.086698633622706	1.062872488585832	1.455657033064495	53.318714154126631
0.364605618177920	24.260840681505698	1.919596816219727	5.025318730192086	1.057836480874708	1.442140382568372	53.664658159404283
0.367632904128920	24.285695641486125	1.910595723870572	4.964635029774731	1.052797995593326	1.428764034778272	54.010067045361843
0.370669842200088	24.310444883408518	1.901568087777434	4.904635199313772	1.047757485067413	1.415525765229980	54.354919723518456
0.373716386037193	24.335088527158824	1.892513868944685	4.845307214547962	1.042715402793989	1.402423389450160	54.699195139351730
0.376772489139385	24.359626670567312	1.883433043894085	4.786639352955610	1.037672203561523	1.389454762350064	55.042872273583363
0.379838104859906	24.384059389415583	1.874325604964406	4.728620186948898	1.032628343567092	1.376617777636292	55.385930143462232
0.382913186406804	24.408386737438430	1.865191560623601	4.671238577309648	1.027584280530444	1.363910367238402	55.728347804045640
0.385997686843644	24.432608746320991	1.856030935793430	4.614483666857838	1.022540473804885	1.351330500753125	56.070104349477980
0.389091559090227	24.456725425691516	1.846843772186454	4.558344874344476	1.017497384484888	1.338876184904991	56.411178914267175
0.392194755923309	24.480736763110148	1.837630128655256	4.502811888560669	1.012455475510320	1.326545463023138	56.751550674558615
0.395307229977316	24.504642724054122	1.828390081553765	4.447874662655009	1.007415211767178	1.314336414534083	57.091198849406382
0.398428933745075	24.528443251899812	1.819123725110519	4.393523408651585	1.002377060184713	1.302247154470250	57.430102702042170
0.401559819578536	24.552138267901999	1.809831171813664	4.339748592161162	0.997341489828825	1.290275832994030	57.768241541141307
0.404699839689496	24.575727671170867	1.800512552807515	4.286540927278274	0.992308971991574	1.278420634937161	58.105594722085918
0.407848946150332	24.599211338647173	1.791168018300393	4.233891371657135	0.987279980276688	1.266679779355205	58.442141648225522
0.411007090894734	24.622589125076022	1.781797737983517	4.181791121759475	0.982254990680905	1.255051519096922	58.777861772134450
0.414174225718434	24.645860862979838	1.772401901460617	4.130231608267538	0.977234481670999	1.243534140388298	59.112734596866304
0.417350302279943	24.669026362630945	1.762980718687949	4.079204491655638	0.972218934256319	1.232125962431032	59.446739677205379
0.420535272101294	24.692085412024401	1.753534420424348	4.028701657913797	0.967208832056677	1.220825337015250	59.779856620915076
0.423729086568775	24.715037776851556	1.744063258690888	3.978715214417117	0.962204661365391	1.209630648146219	60.112065089982714
0.426931696933674	24.737883200474979	1.734567507239728	3.929237485934630	0.957206911207315	1.198540311684856	60.443344801861322
0.430143054313024	24.760621403905326	1.725047462031629	3.880261010771491	0.952216073391641	1.187552775001778	60.773675530707990
0.433363109690348	24.783252085780806	1.715503441721603	3.831778537038450	0.947232642559282	1.176666516644693	61.103037108618679
0.436591813916407	24.805774922349869	1.705935788152124	3.783783019042631	0.942257116224619	1.165880046018867	61.431409426859602
0.439829117709951	24.828189567457819	1.696344866853235	3.736267613793701	0.937289994811404	1.155191903080458	61.758772437094919
0.443074971658470	24.850495652538061	1.686731067548878	3.689225677619583	0.932331781682576	1.144600658042453	62.085106152610720
0.446329326218949	24.872692786608695	1.677094804668684	3.642650762885913	0.927382983163779	1.134104911092968	62.410390649535309
0.449592131718624	24.894780556275229	1.667436517864416	3.596536614813498	0.922444108560333	1.123703292125662	62.734606068055655
0.452863338355742	24.916758525740203	1.657756672530191	3.550877168388034	0.917515670167408	1.113394460481991	63.057732613629909
0.456142896200317	24.938626236820532	1.648055760325553	3.505666545356419	0.912598183273163	1.103177104705046	63.379750558195887
0.459430755194896	24.960383208973411	1.638334299700371	3.460899051303977	0.907692166154580	1.093049942304694	63.700640241375581
0.462726865155321	24.982028939331670	1.628592836420518	3.416569172806954	0.902798140065750	1.083011719533735	64.020382071675456
0.466031175771497	25.003562902749444	1.618831944093155	3.372671574654641	0.897916629218315	1.073061211174783	64.338956527682683
0.469343636608155	25.024984551859134	1.609052224690418	3.329201097135498	0.893048160753829	1.063197220337568	64.656344159256804
0.472664197105630	25.046293317140588	1.599254309070200	3.286152753381646	0.888193264707738	1.053418578266337	64.972525588717474
0.475992806580623	25.067488607003479	1.589438857492661	3.243521726766102	0.883352473964713	1.043724144157034	65.287481512027313
0.479329414226985	25.088569807883925	1.579606560130997	3.201303368347123	0.878526324205054	1.034112804983907	65.601192699970682
0.482673969116482	25.109536284356366	1.569758137574929	3.159493194354027	0.873715353841889	1.024583475335203	65.913639999327529
0.486026420199582	25.130387379261759	1.559894341325297	3.118086883708847	0.868920103948871	1.015135097257571	66.224804334042858
0.489386716306225	25.151122413853230	1.550015954278040	3.077080275578179	0.864141118178111	1.005766640108785	66.534666706391448
0.492754806146613	25.171740687960206	1.540123791195765	3.036469366949558	0.859378942668060	0.996477100418407	66.843208198137589
0.496130638311986	25.192241480172274	1.530218699165026	2.996250310226731	0.854634125941051	0.987265501755946	67.150409971690166
0.499514161275409	25.212624048043832	1.520301558037340	2.956419410838163	0.849907218790243	0.978130894606097	67.456253271252820
0.502905323392560	25.232887628320746	1.510373280851887	2.916973124853127	0.845198774155698	0.969072356250599	67.760719423969064
0.506304072902518	25.253031437190227	1.500434814237743	2.877908056599749	0.840509346989312	0.960088990656238	68.063789841062174
0.509710357928548	25.273054670555066	1.490487138793418	2.839220956279394	0.835839494108363	0.951179928368503	68.365446018970289
0.513124126478901	25.292956504333521	1.480531269441397	2.800908717571766	0.831189774037423	0.942344326410371	68.665669540476017
0.516545326447601	25.312736094786001	1.470568255755273	2.762968375225203	0.826560746838400	0.933581368185706	68.964442075830902
0.519973905615243	25.332392578869829	1.460599182257021	2.725397102626607	0.821952973928493	0.924890263386677	69.261745383874512
0.523409811649792	25.351925074623292	1.450625168681843	2.688192209345561	0.817367017885835	0.916270247904650	69.557561313148199
0.526852992107376	25.371332681580160	1.440647370207988	2.651351138647232	0.812803442242671	0.907720583743918	69.851871803003149
0.530303394433092	25.390614481215955	1.430666977648852	2.614871464968735	0.808262811265849	0.899240558937654	70.144658884703190
0.533760965961806	25.409769537427092	1.420685217604621	2.578750891353732	0.803745689724516	0.890829487465423	70.435904682521880
0.537225653918958	25.428796897044094	1.410703352570664	2.542987246840176	0.799252642644865	0.882486709171579	70.725591414833730
0.540697405421364	25.447695590380064	1.400722680999832	2.507578483796188	0.794784235051838	0.874211589683838	71.013701395199988
0.544176167478028	25.466464631815455	1.390744537315799	2.472522675199283	0.790341031697701	0.866003520331297	71.300217033448334
0.547661886990948	25.485103020420262	1.380770291874528	2.437818011854252	0.785923596777453	0.857861918061139	71.585120836746938
0.551154510755927	25.503609740614660	1.370801350870961	2.403462799545265	0.781532493631049	0.849786225353261	71.868395410672420
0.554653985463385	25.521983762869020	1.360839156188000	2.369455456117953	0.777168284432453	0.841775910131995	72.150023460271782
0.558160257699172	25.540224044444276	1.350885185184873	2.335794508487461	0.772831529865582	0.833830465674118	72.429987791118450
0.561673273945386	25.558329530173413	1.340940950421996	2.302478589568755	0.768522788787230	0.825949410512294	72.708271310361923
0.565192980581187	25.576299153284864	1.331007999319473	2.269506435125761	0.764242617877124	0.818132288333063	72.984857027771483
0.568719323883614	25.594131836268495	1.321087913746442	2.236876880536212	0.759991571275270	0.810378667868515	73.259728056773383
0.572252250028412	25.611826491784726	1.311182309538534	2.204588857469465	0.755770200206843	0.802688142780708	73.532867615481962
0.575791705090846	25.629382023617225	1.301292835940810	2.172641390474926	0.751579052594882	0.795060331537930	73.804259027724143
0.579337635046527	25.646797327669571	1.291421174973650	2.141033593479122	0.747418672661130	0.787494877281843	74.073885724057618
0.582889985772238	25.664071293006039	1.281569040719171	2.109764666189903	0.743289600515393	0.779991447684580	74.341731242782473
0.586448703046758	25.681202802936618	1.271738178525953	2.078833890406759	0.739192371733870	0.772549734794813	74.607779230946221
0.590013732551689	25.698190736146135	1.261930364129959	2.048240626236699	0.735127516926948	0.765169454871842	74.872013445342191
0.593585019872289	25.715033967867306	1.252147402689777	2.017984308215703	0.731095561297012	0.757850348206718	75.134417753501324
0.597162510498299	25.731731371097215	1.242391127734516	1.988064441336312	0.727097024186906	0.750592178929463	75.394976134677009
0.600746149824774	25.748281817856736	1.232663400022906	1.958480596982507	0.723132418619718	0.743394734801388	75.653672680823234
0.604335883152922	25.764684180491983	1.222966106312449	1.929232408773643	0.719202250830634	0.736257826991588	75.910491597565937
0.607931655690932	25.780937333016912	1.213301158037739	1.900319568319859	0.715307019791685	0.729181289836672	76.165417205167131
0.611533412554816	25.797040152495804	1.203670489897374	1.871741820892028	0.711447216730258	0.722164980582800	76.418433939482384
0.615141098769243	25.812991520464216	1.194076058349248	1.843498961010009	0.707623324642320	0.715208779109156	76.669526352910893
0.618754659268381	25.828790324386805	1.184519840014326	1.815590827953667	0.703835817801356	0.708312587631993	76.918679115338833
0.622374038896734	25.844435459150052	1.175003829989432	1.788017301201815	0.700085161264114	0.701476330388435	77.165877015075097
0.625999182409987	25.859925828587830	1.165530040069966	1.760778295805000	0.696371810374285	0.694699953299263	77.411104959780147
0.629630034475848	25.875260347037404	1.156100496883863	1.733873757698745	0.692696210265326	0.687983423609963	77.654347977387474
0.633266539674894	25.890437940923274	1.146717239938617	1.707303658964616	0.689058795363692	0.681326729509382	77.895591217017639
0.636908642501412	25.905457550365899	1.137382319583573	1.681067993047212	0.685459988893799	0.674729879725393	78.134819949884957
0.640556287364254	25.920318130812280	1.128097794890244	1.655166769935883	0.681900202386096	0.668192903097047	78.372019570196784
0.644209418587677	25.935018654684889	1.118865731453832	1.629600011320719	0.678379835189695	0.661715848122779	78.607175596045309
0.647867980412201	25.949558113045381	1.109688199119683	1.604367745733011	0.674899273991005	0.655298782484309	78.840273670291594
0.651531916995453	25.963935517269132	1.100567269638889	1.579470003681072	0.671458892339937	0.648941792545991	79.071299561442260
0.655201172413025	25.978149900726486	1.091505014257760	1.554906812792950	0.668059050185208	0.642644982829460	79.300239164518274
0.658875690659324	25.992200320466292	1.082503501246407	1.530678192978124	0.664700093420366	0.636408475463529	79.527078501916179
0.662555415648426	26.006085858897169	1.073564793372197	1.506784151620876	0.661382353442145	0.630232409609420	79.751803724261421
0.666240291214939	26.019805625461572	1.064690945324314	1.483224678818509	0.658106146722797	0.624116940861533	79.974401111253982
0.669930261114849	26.033358758297709	1.055884001096192	1.459999742678028	0.654871774398061	0.618062240624074	80.194857072505954
0.673625269026390	26.046744425884043	1.047145991333017	1.437109284685305	0.651679521872433	0.612068495464024	80.413158148371338
0.677325258550896	26.059961828660942	1.038478930651986	1.414553215161058	0.648529658443382	0.606135906441045	80.629291010767858
0.681030173213665	26.073010200624019	1.029884814943436	1.392331408818204	0.645422436946178	0.600264688415073	80.843242463990563
0.684739956464818	26.085888810883365	1.021365618661326	1.370443700435339	0.642358093420943	0.594455069332513	81.054999445517595
0.688454551680169	26.098596965183031	1.012923292111982	1.348889880661160	0.639336846803532	0.588707289492066	81.264549026807600
0.692173902162080	26.111134007374801	1.004559758750287	1.327669691964624	0.636358898641783	0.583021600791398	81.471878414089147
0.695897951140335	26.123499320840388	0.996276912492821	1.306782824745577	0.633424432838674	0.577398265955996	81.676974949141837
0.699626641772999	26.135692329856184	0.988076615057689	1.286228913620340	0.630533615423797	0.571837557751719	81.879826110069033
0.703359917147292	26.147712500894599	0.979960693340947	1.266007533896490	0.627686594354561	0.566339758182680	82.080419512062434
0.707097720280453	26.159559343856195	0.971930936839704	1.246118198250650	0.624883499348403	0.560905157676255	82.278742908158279
0.710839994120613	26.171232413226829	0.963989095132016	1.226560353622609	0.622124441747228	0.555534054257150	82.474784189984959
0.714586681547664	26.182731309154192	0.956136875423738	1.207333378338540	0.619409514415189	0.550226752712576	82.668531388502302
0.718337725374132	26.194055678438232	0.948375940172416	1.188436579475325	0.616738791670819	0.544983563750727	82.859972674732404
0.722093068346048	26.205205215430240	0.940707904798225	1.169869190477282	0.614112329254401	0.539804803154845	83.049096360481698
0.725852653143823	26.216179662835465	0.933134335491748	1.151630369035652	0.611530164331349	0.534690790935284	83.235890899054709
0.729616422383125	26.226978812414576	0.925656747128150	1.133719195240281	0.608992315532237	0.529641850482047	83.420344885958926
0.733384318615750	26.237602505579410	0.918276601297002	1.116134670011855	0.606498783029980	0.524658307720386	83.602447059601076
0.737156284330504	26.248050633878957	0.910995304456594	1.098875713821946	0.604049548654525	0.519740490272068	83.782186301974761
0.740932261954077	26.258323139371750	0.903814206221158	1.081941165706916	0.601644576045251	0.514888726625002	83.959551639339224
0.744712193851926	26.268420014881347	0.896734597788891	1.065329782580496	0.599283810841164	0.510103345313928	84.134532242889293
0.748496022329148	26.278341304131985	0.889757710518106	1.049040238848531	0.596967180908754	0.505384674114877	84.307117429416550
0.752283689631368	26.288087101761935	0.882884714658189	1.033071126328083	0.594694596607299	0.500733039256117	84.477296661961631
0.756075137945615	26.297657553212609	0.876116718241385	1.017420954471660	0.592465951091178	0.496148764648281	84.645059550457461
0.759870309401209	26.307052854491925	0.869454766140679	1.002088150896002	0.590281120648638	0.491632171136293	84.810395852363627
0.763669146070640	26.316273251810991	0.862899839298267	0.987071062213417	0.588139965076294	0.487183575775691	84.973295473291756
0.767471589970454	26.325319041093753	0.856452854128324	0.972367955162300	0.586042328088490	0.482803291135823	85.133748467621814
0.771277583062139	26.334190567359656	0.850114662096886	0.957977018032071	0.583988037760492	0.478491624632323	85.291745039109287
0.775087067253010	26.342888223980104	0.843886049480855	0.943896362376430	0.581976907004353	0.474248877891115	85.447275541483307
0.778899984397095	26.351412451809892	0.837767737307201	0.930124025007511	0.580008734076151	0.470075346146106	85.600330479035563
0.782716276296024	26.359763738195461	0.831760381472581	0.916657970262270	0.578083303113168	0.465971317672516	85.750900507200058
0.786535884699916	26.367942615862241	0.825864573042676	0.903496092531222	0.576200384699454	0.461937073257675	85.898976433123707
0.790358751308268	26.375949661684054	0.820080838729690	0.890636219038532	0.574359736458124	0.457972885710905	86.044549216227423
0.794184817770848	26.383785495337829	0.814409641545537	0.878076112861415	0.572561103668616	0.454079019413905	86.187609968758267
0.798014025688579	26.391450777847634	0.808851381627450	0.865813476175822	0.570804219907058	0.450255729912881	86.328149956331941
0.801846316614439	26.398946210022267	0.803406397231860	0.853845953714540	0.569088807707819	0.446503263553395	86.466160598466132
0.805681632054344	26.406272530791259	0.798074965891644	0.842171136423063	0.567414579244228	0.442821857158748	86.601633469104300
0.809519913468050	26.413430515444460	0.792857305731089	0.830786565297923	0.565781237026429	0.439211737752424	86.734560297130272
0.813361102270039	26.420420973780828	0.787753576932195	0.819689735391640	0.564188474614263	0.435673122324926	86.864932966873056
0.817205139830416	26.427244748172285	0.782763883345312	0.808878099967981	0.562635977343049	0.432206217645097	86.992743518602396
0.821051967475805	26.433902711548917	0.777888274236510	0.798349074790930	0.561123423060149	0.428811220115780	87.117984149014774
0.824901526490245	26.440395765312008	0.773126746163537	0.788100042530533	0.559650482870145	0.425488315673440	87.240647211709813
0.828753758116082	26.446724837181588	0.768479244971761	0.778128357268691	0.558216821886512	0.422237679731173	87.360725217657105
0.832608603554869	26.452890878985432	0.763945667901091	0.768431349088001	0.556822099987676	0.419059477164273	87.478210835653414
0.836466003968267	26.458894864396509	0.759525865794519	0.759006328726834	0.555465972575373	0.415953862337355	87.593096892770362
0.840325900478933	26.464737786626014	0.755219645398681	0.749850592284091	0.554148091333276	0.412920979171813	87.705376374792280
0.844188234171430	26.470420656079177	0.751026771746615	0.740961425957368	0.552868104983911	0.409960961252221	87.815042426644467
0.848052946093120	26.475944497981001	0.746946970612766	0.732336110798695	0.551625660041957	0.407073931970094	87.922088352811755
0.851919977255062	26.481310349979111	0.742979931030233	0.723971927472481	0.550420401562062	0.404260004703294	88.026507617747285
0.855789268632919	26.486519259730777	0.739125307860236	0.715866161000883	0.549251973879446	0.401519283029201	88.128293846271447
0.859660761167854	26.491572282481112	0.735382724403837	0.708016105482439	0.548120021341596	0.398851860969645	88.227440823961260
0.863534395767433	26.496470478639242	0.731751775046086	0.700419068770505	0.547024189029475	0.396257823265500	88.323942497529629
0.867410113306524	26.501214911359167	0.728232027922905	0.693072377098777	0.545964123466773	0.393737245678725	88.417792975195013
0.871287854628206	26.505806644131713	0.724823027601268	0.685973379641976	0.544939473315811	0.391290195319562	88.508986527041117
0.875167560544666	26.510246738393846	0.721524297763473	0.679119453000569	0.543949890058833	0.388916730996564	88.597517585366731
0.879049171838105	26.514536251161324	0.718335343886643	0.672508005599260	0.542995028663511	0.386616903587045	88.683380745025659
0.882932629261640	26.518676232690396	0.715255655908901	0.666136481989839	0.542074548231611	0.384390756425528	88.766570763756675
0.886817873540212	26.522667724173953	0.712284710874051	0.660002367049829	0.541188112629871	0.382238325707780	88.847082562503658
0.890704845371487	26.526511755477287	0.709421975546996	0.654103190069246	0.540335391102234	0.380159640907966	88.924911225725651
0.894593485426762	26.530209342918237	0.706666908992544	0.648436528718631	0.539516058862720	0.378154725206521	89.000052001696957
0.898483734351872	26.533761487096250	0.704018965110661	0.643000012892343	0.538729797668281	0.376223595926344	89.072500302797280
0.902375532768094	26.537169170774522	0.701477595121717	0.637791328421936	0.537976296371119	0.374366264974944	89.142251705791793
0.906268821273057	26.540433356819051	0.699042249995674	0.632808220655209	0.537255251450012	0.372582739290243	89.209301952101200
0.910163540441643	26.543554986198171	0.696712382819654	0.628048497897260	0.536566367520304	0.370873021287777	89.273646948061781
0.914059630826899	26.546534976045795	0.694487451098729	0.623510034710628	0.535909357822304	0.369237109307129	89.335282765175194
0.917957032960941	26.549374217791229	0.692366918985270	0.619190775072222	0.535283944687888	0.367674998055454	89.394205640348503
0.921855687355864	26.552073575358278	0.690350259432564	0.615088735385395	0.534689859985211	0.366186679046112	89.450411976123803
0.925755534504650	26.554633883435859	0.688436956268863	0.611202007346092	0.534126845541479	0.364772141030436	89.503898340897877
0.929656514882074	26.557055945822285	0.686626506188417	0.607528760662497	0.533594653543800	0.363431370420790	89.554661469131773
0.933558568945615	26.559340533844992	0.684918420656412	0.604067245628119	0.533093046918185	0.362164351703181	89.602698261550088
0.937461637136363	26.561488384857249	0.683312227725123	0.600815795548624	0.532621799686823	0.360971067837740	89.648005785330241
0.941365659879928	26.563500200813255	0.681807473758883	0.597772829023133	0.532180697303792	0.359851500645518	89.690581274281541
0.945270577587354	26.565376646922683	0.680403725065840	0.594936852080970	0.531769536969398	0.358805631180144	89.730422129014030
0.949176330656020	26.567118350385698	0.679100569434709	0.592306460175137	0.531388127923373	0.357833440082955	89.767525917097245
0.953082859470558	26.568725899209159	0.677897617575028	0.589880340033985	0.531036291717170	0.356934907920355	89.801890373208664
0.956990104403758	26.570199841104689	0.676794504459655	0.587657271372691	0.530713862465627	0.356110015502212	89.833513399272036
0.960898005817478	26.571540682469042	0.675790890568432	0.585636128466293	0.530420687078260	0.355358744180227	89.862393064585504
0.964806504063560	26.572748887447222	0.674886463032187	0.583815881586054	0.530156625470462	0.354681076125283	89.888527605939458
0.968715539484732	26.573824877078554	0.674080936676350	0.582195598300983	0.529921550754881	0.354076994582898	89.911915427724168
0.972625052415525	26.574769028525949	0.673374054963635	0.580774444646280	0.529715349413247	0.353546484105956	89.932555102027251
0.976534983183181	26.575581674388509	0.672765590835369	0.579551686160447	0.529537921448886	0.353089530764024	89.950445368720779
0.980445272108565	26.576263102097474	0.672255347451111	0.578526688792679	0.529389180520173	0.352706122328606	89.965585135538277
0.984355859507074	26.576813553395628	0.671843158826341	0.577698919682051	0.529269054055133	0.352396248433796	89.977973478141394
0.988266685689550	26.577233223900137	0.671528890368010	0.577067947809825	0.529177483347385	0.352159900711854	89.987609640176302
0.992177690963191	26.577522262748811	0.671312439307832	0.576633444526072	0.529114423633597	0.351997072903326	89.994493033319941
0.996088815632461	26.577680772329767	0.671193735033233	0.576395183951551	0.529079844152585	0.351907760941374	89.998623237315883
1.000000000000000	26.577708808094506	0.671172739315882	0.576353043255612	0.529073728186171	0.351891963010106	90.000000000000000
